t,imu_roll,imu_pitch,imu_yaw,lpf_roll,lpf_pitch,lpf_yaw,gyro_x,gyro_y,gyro_z,acc_x,acc_y,acc_z
1790544751.8751,-0.022623,-0.049458,0.010486,-0.015836,-0.034620,0.010486,0.028467,0.012691,0.005923,-0.005993,1.199971,-10.181238
1790544751.8904,-0.037275,-0.043382,0.014019,-0.030844,-0.040754,0.014019,-0.014028,-0.006735,0.002281,0.300631,1.274331,-9.870749
1790544751.9046,-0.041839,-0.041828,0.015184,-0.038541,-0.041506,0.015184,-0.024955,-0.007950,-0.003790,0.300631,1.311511,-10.336483
1790544751.9185,-0.043547,-0.041375,0.015650,-0.042045,-0.041414,0.015650,-0.009171,-0.006735,-0.003790,0.262303,1.237151,-9.831937
1790544751.9329,-0.041733,-0.043138,0.015541,-0.041827,-0.042621,0.015541,0.005399,0.022404,0.002281,0.108991,1.199971,-10.336483
1790544751.9469,-0.038877,-0.040863,0.014121,-0.039762,-0.041390,0.014121,-0.034668,0.034545,0.004709,-0.005993,1.348691,-10.025993
1790544751.9613,-0.039028,-0.039239,0.013856,-0.039248,-0.039884,0.013856,-0.088090,0.081897,0.021707,0.108991,1.385871,-10.724595
1790544751.9757,-0.038682,-0.037787,0.014102,-0.038852,-0.038416,0.014102,-0.145155,0.092824,0.077558,0.032335,1.199971,-9.676693
1790544751.9898,-0.036616,-0.034000,0.015020,-0.037287,-0.035325,0.015020,-0.199791,0.068541,0.149192,-0.120976,1.348691,-9.599070
1790544752.0038,-0.034960,-0.029753,0.018240,-0.035658,-0.031424,0.018240,-0.251999,0.009048,0.283962,-0.082648,1.385871,-9.637881
1790544752.0179,-0.032486,-0.029378,0.023061,-0.033437,-0.029992,0.023061,-0.236216,-0.192499,0.460012,0.032335,1.088431,-10.103616
1790544752.0319,-0.040731,-0.033199,0.029477,-0.038543,-0.032237,0.029477,-0.170652,-0.006735,0.614208,0.913879,0.605091,-9.366203
1790544752.0458,-0.038671,-0.036087,0.040139,-0.038633,-0.034932,0.040139,-0.170652,-0.160931,0.656703,0.032335,0.642271,-9.405014
1790544752.0597,-0.037751,-0.033634,0.049741,-0.038016,-0.034023,0.049741,-0.142727,-0.031018,0.576570,-0.044320,1.311511,-9.327392
1790544752.0738,-0.034295,-0.038655,0.055675,-0.035411,-0.037265,0.055675,-0.044381,-0.169430,0.355596,-0.159304,0.605091,-12.354665
1790544752.0877,-0.035797,-0.041890,0.055595,-0.035681,-0.040502,0.055595,-0.063807,-0.035875,0.294889,0.377287,0.679451,-10.841028
1790544752.1017,-0.036901,-0.040285,0.057899,-0.036535,-0.040350,0.057899,0.006613,-0.041946,0.316744,0.300631,1.423051,-9.210958
1790544752.1156,-0.039301,-0.040742,0.057923,-0.038471,-0.040624,0.057923,-0.006743,-0.014020,0.299746,0.530599,1.199971,-10.258860
1790544752.1291,-0.044777,-0.036837,0.053231,-0.042886,-0.037973,0.053231,-0.090519,0.089182,0.277891,0.837223,1.646131,-9.172147
1790544752.1427,-0.045009,-0.033405,0.053269,-0.044372,-0.034775,0.053269,-0.037096,-0.031018,0.214756,0.262303,1.794851,-9.405014
1790544752.1566,-0.047586,-0.029653,0.050795,-0.046622,-0.031190,0.050795,-0.084448,-0.027376,0.167404,0.760567,1.832031,-9.637881
1790544752.1706,-0.048090,-0.026927,0.049726,-0.047649,-0.028206,0.049726,-0.082020,-0.089297,0.124909,0.607255,1.832031,-10.530539
1790544752.1846,-0.044049,-0.015700,0.042588,-0.045129,-0.019451,0.042588,-0.324848,-0.413473,0.089699,0.530599,2.835891,-9.288581
1790544752.1985,-0.039703,-0.005475,0.043519,-0.041331,-0.009668,0.043519,-0.455975,-0.554314,0.179546,0.875551,2.612811,-10.220049
1790544752.2126,-0.045420,0.002084,0.049731,-0.044193,-0.001442,0.049731,-0.282353,0.010263,0.110339,1.527127,2.575631,-9.870749
1790544752.2269,-0.049697,-0.003223,0.018807,-0.048046,-0.002689,0.018807,0.753310,0.642831,-0.157986,-1.002520,3.728211,-12.393476
1790544752.2410,-0.045540,0.006556,-0.002783,-0.046292,0.003783,-0.002783,0.518981,0.392717,-0.488233,-1.807408,5.401311,-7.425644
1790544752.2552,-0.028961,0.010445,-0.048682,-0.034161,0.008447,-0.048682,0.214231,-0.485107,-0.823336,-1.884064,3.579491,-9.443825
1790544752.2690,-0.012237,0.010201,-0.080914,-0.018814,0.009675,-0.080914,0.223944,-0.734007,-0.999386,-1.194160,2.612811,-9.870749
1790544752.2830,-0.018617,0.010305,-0.036643,-0.018676,0.010116,-0.036643,0.162023,0.211810,-1.112302,1.565455,2.761531,-11.151518
1790544752.2970,-0.031977,0.009006,0.056064,-0.027987,0.009339,0.056064,0.035752,0.291944,-1.209433,3.021918,1.534591,-9.327392
1790544752.3109,-0.022560,0.006322,-0.007737,-0.024188,0.007227,-0.007737,-0.039525,-0.027376,-1.338132,-1.385800,0.605091,-9.016902
1790544752.3248,-0.024181,0.000987,-0.028457,-0.024183,0.002859,-0.028457,0.199661,0.364792,-1.396411,-0.005993,0.753811,-8.745224
1790544752.3386,-0.025035,-0.000085,-0.055264,-0.024780,0.000798,-0.055264,0.080675,0.375719,-1.500827,-0.197632,1.497411,-8.978091
1790544752.3522,-0.033684,0.007166,-0.033702,-0.031013,0.005255,-0.033702,-0.341846,0.415786,-1.460760,1.795423,2.278191,-8.512357
1790544752.3658,-0.038709,0.005125,-0.037758,-0.036400,0.005164,-0.037758,-0.096589,0.457067,-1.307779,0.990535,0.642271,-12.975644
1790544752.3797,-0.036619,0.003809,-0.047555,-0.036553,0.004216,-0.047555,-0.108731,-0.001879,-1.007885,0.223975,0.605091,-9.482637
1790544752.3937,-0.037304,0.003344,-0.052182,-0.037079,0.003606,-0.052182,-0.055308,0.114679,-0.814837,0.492271,1.199971,-9.987182
1790544752.4077,-0.041175,0.007541,-0.063859,-0.039946,0.006360,-0.063859,-0.216789,0.387861,-0.741988,0.262303,1.906391,-9.016902
1790544752.4219,-0.042882,0.013380,-0.093650,-0.042002,0.011274,-0.093650,-0.270212,0.433998,-0.762629,-0.619240,2.315371,-9.288581
1790544752.4359,-0.034549,0.007642,-0.113470,-0.036784,0.008732,-0.113470,0.238514,-0.339410,-0.665497,-1.079176,1.311511,-17.555364
1790544752.4501,-0.034014,-0.003707,-0.090823,-0.034845,0.000024,-0.090823,0.833444,-0.429257,-0.187125,3.290214,2.501271,-13.402567
1790544752.4645,-0.045402,-0.007395,-0.084307,-0.042235,-0.005169,-0.084307,0.295579,0.678041,0.297317,0.875551,2.464091,-13.286133
1790544752.4788,-0.049581,-0.014891,-0.079033,-0.047377,-0.011974,-0.079033,0.306506,0.281016,0.506150,-0.120976,0.344831,-12.121798
1790544752.4929,-0.061046,-0.021149,-0.051487,-0.056945,-0.018397,-0.051487,0.301649,0.375719,0.939598,1.948735,0.716631,-9.016902
1790544752.5069,-0.044501,-0.022533,-0.129916,-0.048235,-0.021292,-0.129916,0.075819,-0.519103,1.041586,-3.148887,0.976891,-6.300119
1790544752.5209,-0.036528,-0.022369,-0.132133,-0.040040,-0.022046,-0.132133,-0.096589,-0.323627,1.013661,-2.037376,0.939711,-8.861658
1790544752.5349,-0.040941,-0.022696,-0.120314,-0.040671,-0.022501,-0.120314,-0.159725,0.158388,0.968738,0.338959,0.419191,-11.112707
1790544752.5489,-0.046940,-0.028623,-0.107549,-0.045059,-0.026786,-0.107549,0.244585,0.272517,1.065869,0.338959,0.419191,-11.306763
1790544752.5628,-0.053419,-0.035556,-0.094443,-0.050911,-0.032925,-0.094443,0.324718,0.319869,1.104722,0.262303,0.307651,-8.357112
1790544752.5772,-0.056867,-0.044791,-0.084355,-0.055080,-0.041231,-0.084355,0.440062,0.271303,1.013661,-0.657568,0.047391,-9.133336
1790544752.5923,-0.057661,-0.044223,-0.068483,-0.056887,-0.043325,-0.068483,-0.001886,0.249449,0.816970,-1.462456,1.348691,-7.969000
1790544752.6070,-0.057707,-0.043184,-0.058438,-0.057461,-0.043226,-0.058438,-0.068664,0.152317,0.685843,-1.270816,1.348691,-9.482637
1790544752.6215,-0.056462,-0.044568,-0.052388,-0.056762,-0.044165,-0.052388,0.075819,-0.052873,0.517077,-0.350944,1.199971,-9.909560
1790544752.6359,-0.056020,-0.043794,-0.041089,-0.056243,-0.043905,-0.041089,0.005399,-0.071085,0.446657,0.223975,1.720491,-9.793126
1790544752.6507,-0.054016,-0.045458,-0.038402,-0.054684,-0.044992,-0.038402,0.075819,-0.170645,0.275463,0.377287,1.162791,-11.539630
1790544752.6648,-0.045870,-0.034600,-0.006113,-0.048514,-0.037718,-0.006113,-0.479044,-0.735221,0.292461,0.990535,3.430771,-9.482637
1790544752.6787,-0.040289,-0.027593,0.003418,-0.042756,-0.030631,0.003418,-0.559177,-0.625948,0.163762,2.370342,1.423051,-14.450469
1790544752.6928,-0.037406,-0.017284,0.017400,-0.039011,-0.021288,0.017400,-0.810505,-0.610164,-0.076638,3.021918,0.716631,-8.822846
1790544752.7068,-0.039684,-0.016984,0.016523,-0.039482,-0.018275,0.016523,-0.279925,-0.120865,-0.347392,3.405198,-0.733389,-12.121798
1790544752.7211,-0.043209,-0.021110,0.008940,-0.042091,-0.020260,0.008940,0.132884,0.177814,-0.672782,1.833751,0.121751,-11.772497
1790544752.7353,-0.038363,-0.019542,-0.005752,-0.039481,-0.019757,-0.005752,-0.162153,-0.084441,-1.051595,-0.772552,1.014071,-11.306763
1790544752.7492,-0.034236,-0.018036,-0.020303,-0.035810,-0.018552,-0.020303,0.064892,-0.267776,-0.932609,0.683911,1.980751,-6.998721
1790544752.7633,-0.038166,-0.022096,-0.028223,-0.037459,-0.021033,-0.028223,0.199661,0.223952,-0.728633,1.527127,0.642271,-10.181238
1790544752.7772,-0.036639,-0.025854,-0.040280,-0.036885,-0.024408,-0.040280,0.237300,0.057614,-0.932609,-0.159304,1.125611,-11.035084
1790544752.7912,-0.031034,-0.028276,-0.056051,-0.032789,-0.027115,-0.056051,0.155952,-0.219210,-1.205791,-0.044320,1.348691,-11.888930
1790544752.8052,-0.026977,-0.032425,-0.072194,-0.028721,-0.030832,-0.072194,0.210589,-0.159717,-1.315063,0.300631,0.382011,-6.959909
1790544752.8189,-0.023472,-0.031384,-0.090551,-0.025047,-0.031219,-0.090551,0.001756,-0.272633,-1.108659,0.913879,1.311511,-6.571797
1790544752.8326,-0.018951,-0.034556,-0.102865,-0.020780,-0.033555,-0.102865,0.194805,-0.241065,-1.030954,0.300631,0.902531,-8.861658
1790544752.8466,-0.010378,-0.041496,-0.114410,-0.013499,-0.039113,-0.114410,0.426706,-0.395261,-1.034597,-0.925864,0.716631,-10.258860
1790544752.8605,-0.007112,-0.044174,-0.132731,-0.009028,-0.042656,-0.132731,0.325932,-0.248350,-0.874330,0.837223,2.315371,-9.133336
1790544752.8745,-0.012833,-0.041426,-0.155797,-0.011692,-0.041795,-0.155797,0.064892,0.367220,-0.726204,0.990535,3.207691,-8.395923
1790544752.8885,-0.022868,-0.033635,-0.170751,-0.019515,-0.036083,-0.170751,-0.459618,0.801883,-0.623002,0.032335,3.096151,-13.790679
1790544752.9025,-0.029211,-0.021964,-0.188115,-0.026302,-0.026200,-0.188115,-0.827503,0.839522,-0.462736,-3.723807,1.832031,-12.703965
1790544752.9164,-0.032252,-0.014633,-0.196998,-0.030467,-0.018103,-0.196998,-0.666022,0.684111,-0.331608,-3.532167,0.121751,-9.133336
1790544752.9303,-0.033828,-0.008327,-0.203082,-0.032820,-0.011260,-0.203082,-0.440191,0.278588,-0.238119,-1.002520,1.571771,-9.405014
1790544752.9442,-0.023488,-0.013688,-0.200584,-0.026287,-0.012959,-0.200584,0.349001,-0.823853,-0.098493,0.913879,1.311511,-10.996273
1790544752.9581,-0.037972,-0.017497,-0.177921,-0.034467,-0.016135,-0.177921,0.396352,0.623404,0.765976,3.405198,2.835891,-10.142427
1790544752.9723,-0.047798,-0.024249,-0.160489,-0.043798,-0.021815,-0.160489,0.396352,0.460709,1.020946,1.182175,0.865351,-10.530539
1790544752.9866,-0.046328,-0.032147,-0.150077,-0.045569,-0.029047,-0.150077,0.404851,0.006620,0.954168,-2.420655,0.121751,-11.035084
1790544753.0006,-0.047185,-0.042728,-0.142310,-0.046701,-0.038624,-0.142310,0.372070,0.347794,0.657917,-2.497311,-1.848788,-6.727042
1790544753.0147,-0.061161,-0.048447,-0.133732,-0.056823,-0.045500,-0.133732,0.382997,0.885659,0.735623,0.645583,1.311511,-11.229140
1790544753.0288,-0.071898,-0.054801,-0.119346,-0.067376,-0.052011,-0.119346,0.545692,0.631903,0.904388,0.875551,2.501271,-10.220049
1790544753.0424,-0.083003,-0.061613,-0.105942,-0.078315,-0.058732,-0.105942,0.484985,0.699895,1.016089,0.722239,1.385871,-9.948371
1790544753.0560,-0.089717,-0.063555,-0.092692,-0.086297,-0.062108,-0.092692,0.166880,0.517774,0.922600,-0.427600,1.608951,-8.822846
1790544753.0700,-0.083466,-0.066878,-0.080290,-0.084315,-0.065447,-0.080290,0.146239,-0.483893,0.933528,-0.005993,0.790991,-11.345574
1790544753.0839,-0.079215,-0.066320,-0.070727,-0.080745,-0.066058,-0.070727,-0.146369,-0.415901,0.773261,1.105519,0.493551,-12.471098
1790544753.0979,-0.078918,-0.066543,-0.066574,-0.079466,-0.066397,-0.066574,-0.277496,-0.251992,0.745336,2.485326,-1.923148,-11.267951
1790544753.1118,-0.073615,-0.066263,-0.061703,-0.075370,-0.066303,-0.061703,-0.322420,-0.659944,0.651847,2.523654,-1.737248,-9.055714
1790544753.1257,-0.073075,-0.056626,-0.060534,-0.073763,-0.059529,-0.060534,-0.808077,-0.494821,0.653061,3.558510,0.084571,-7.153965
1790544753.1395,-0.065441,-0.044119,-0.049921,-0.067938,-0.048742,-0.049921,-1.109184,-0.866348,0.617851,3.136902,-0.696209,-10.414105
1790544753.1535,-0.062174,-0.032398,-0.042937,-0.063903,-0.037301,-0.042937,-1.037549,-0.632019,0.467297,4.401726,-0.770569,-10.336483
1790544753.1675,-0.053707,-0.014686,-0.048737,-0.056766,-0.021470,-0.048737,-1.335014,-0.936768,0.214756,3.098574,0.679451,-8.628791
1790544753.1815,-0.044504,0.003947,-0.055162,-0.048182,-0.003678,-0.055162,-1.354440,-1.007189,0.183188,2.906934,1.051251,-7.658511
1790544753.1954,-0.058797,0.004490,-0.049963,-0.055612,0.002039,-0.049963,-0.171866,0.811596,-0.199267,4.746677,0.233291,-13.829490
1790544753.2094,-0.057045,-0.006710,-0.044501,-0.056615,-0.004085,-0.044501,0.816446,0.169315,-0.786912,-1.845736,2.166651,-13.286133
1790544753.2235,-0.049923,0.001955,-0.132911,-0.051931,0.000143,-0.132911,0.109815,-0.662372,-0.792982,2.178703,5.735931,-3.660958
1790544753.2378,-0.054141,0.000558,-0.123213,-0.053478,0.000433,-0.123213,0.108601,0.092824,-0.242976,2.868606,1.646131,-8.667602
1790544753.2518,-0.038794,-0.007777,-0.113459,-0.043199,-0.005314,-0.113459,0.561476,-0.855421,-0.573223,-2.037376,1.534591,-12.354665
1790544753.2657,-0.025974,-0.016338,-0.134101,-0.031142,-0.013031,-0.134101,0.727813,-0.778930,-0.748059,-0.389272,2.501271,-9.521448
1790544753.2794,-0.023090,-0.020259,-0.160203,-0.025505,-0.018091,-0.160203,0.483771,-0.217996,-0.727419,0.913879,2.501271,-6.921098
1790544753.2930,-0.016817,-0.023704,-0.168551,-0.019424,-0.022020,-0.168551,0.232443,-0.299344,-0.853689,-0.389272,0.939711,-7.503266
1790544753.3070,-0.007573,-0.032545,-0.178425,-0.011128,-0.029388,-0.178425,0.619755,-0.545815,-0.839120,-0.197632,1.125611,-8.784035
1790544753.3209,-0.003119,-0.039930,-0.187905,-0.005522,-0.036767,-0.187905,0.544478,-0.299344,-0.602362,0.377287,1.311511,-8.628791
1790544753.3348,-0.020302,-0.032652,-0.205291,-0.015868,-0.033887,-0.205291,-0.475402,1.297253,-0.664283,0.913879,4.100011,-20.815504
1790544753.3487,-0.019739,-0.017587,-0.164807,-0.018578,-0.022477,-0.164807,-1.155321,0.443711,-0.589006,-7.211653,1.423051,-13.519000
1790544753.3625,-0.022570,-0.008025,-0.132191,-0.021372,-0.012361,-0.132191,-0.928277,0.580909,-0.467592,-2.803935,-0.844929,-7.619700
1790544753.3764,-0.025705,0.005458,-0.134946,-0.024406,0.000112,-0.134946,-0.895495,0.803097,-0.204123,-2.803935,0.939711,-3.311658
1790544753.3904,-0.039313,0.017901,-0.142269,-0.034840,0.012564,-0.142269,-0.853000,1.138201,-0.258760,-0.619240,1.311511,-5.795574
1790544753.4044,-0.035955,0.014985,-0.144104,-0.035620,0.014259,-0.144104,0.231229,-0.095368,-0.121562,-1.155832,1.720491,-8.240679
1790544753.4185,-0.031170,0.012480,-0.141757,-0.032505,0.013014,-0.141757,0.333217,-0.573740,0.383521,2.906934,5.252591,-13.286133
1790544753.4323,-0.037853,0.012744,-0.129697,-0.036249,0.012825,-0.129697,-0.057737,0.312584,0.829112,0.607255,1.794851,-12.471098
1790544753.4463,-0.039981,0.009426,-0.111712,-0.038861,0.010446,-0.111712,0.151096,-0.124507,0.994235,1.527127,0.976891,-10.879840
1790544753.4603,-0.038011,0.002131,-0.097894,-0.038266,0.004625,-0.097894,0.413350,-0.102653,0.655489,-1.654096,0.456371,-9.521448
1790544753.4744,-0.053615,-0.006531,-0.088948,-0.049010,-0.003184,-0.088948,0.557833,0.928154,0.719839,0.645583,0.567911,-5.329839
1790544753.4891,-0.063997,-0.013879,-0.081527,-0.059501,-0.010671,-0.081527,0.532336,0.620976,0.769619,0.070663,1.794851,-7.891378
1790544753.5028,-0.070742,-0.019054,-0.072656,-0.067369,-0.016539,-0.072656,0.393924,0.419428,0.852180,-0.120976,2.203831,-10.414105
1790544753.5165,-0.074784,-0.021295,-0.063550,-0.072559,-0.019868,-0.063550,0.185092,0.217881,0.865536,-0.044320,2.352551,-10.452916
1790544753.5305,-0.074639,-0.021086,-0.055252,-0.074015,-0.020720,-0.055252,0.017540,-0.063800,0.773261,-0.197632,2.203831,-9.172147
1790544753.5447,-0.075849,-0.023097,-0.045810,-0.075299,-0.022384,-0.045810,0.112243,-0.026162,0.668845,0.683911,1.385871,-9.210958
1790544753.5587,-0.069366,-0.021138,-0.038648,-0.071146,-0.021512,-0.038648,-0.111159,-0.522746,0.581427,0.147319,2.724351,-12.082986
1790544753.5727,-0.062724,-0.015372,-0.028326,-0.065250,-0.017214,-0.028326,-0.472973,-0.573740,0.582641,0.607255,1.274331,-11.811308
1790544753.5866,-0.057710,-0.007096,-0.012599,-0.059972,-0.010131,-0.012599,-0.785008,-0.638089,0.490366,3.251886,-0.696209,-11.190329
1790544753.6007,-0.052868,0.003788,-0.003364,-0.054999,-0.000388,-0.003364,-0.916135,-0.664800,0.313101,3.290214,-0.064149,-8.434735
1790544753.6147,-0.043895,0.016202,0.000559,-0.047226,0.011225,0.000559,-0.958630,-0.893059,0.147978,2.408670,0.716631,-7.736133
1790544753.6286,-0.036857,0.027427,-0.000734,-0.039967,0.022566,-0.000734,-0.819004,-0.742506,0.092127,2.638638,1.608951,-8.939280
1790544753.6426,-0.049263,0.021241,0.007392,-0.046475,0.021638,0.007392,0.273724,0.795812,-0.216265,3.481854,-0.584669,-15.381938
1790544753.6566,-0.044444,0.016790,-0.006006,-0.045053,0.018245,-0.006006,0.389068,0.039402,-0.918039,-3.302199,2.984611,-11.888930
1790544753.6705,-0.036978,0.013717,-0.024027,-0.039401,0.015076,-0.024027,0.281009,-0.196142,-1.267712,-1.155832,1.943571,-8.318301
1790544753.6845,-0.043006,0.011259,-0.055997,-0.041924,0.012404,-0.055997,0.274938,0.164459,-0.586578,3.520182,1.720491,-5.756762
1790544753.6984,-0.033500,0.001664,-0.044706,-0.036027,0.004886,-0.044706,0.560262,-0.476608,-0.562295,-1.845736,-0.064149,-12.781588
1790544753.7124,-0.018851,-0.013481,-0.049791,-0.024004,-0.007971,-0.049791,1.050775,-0.845708,-0.868259,-1.270816,1.385871,-12.548721
1790544753.7264,-0.011864,-0.019647,-0.086896,-0.015506,-0.016144,-0.086896,0.662250,-0.340625,-1.032168,-0.159304,3.021791,-6.377742
1790544753.7406,-0.003155,-0.023825,-0.106073,-0.006860,-0.021521,-0.106073,0.334431,-0.499677,-1.085591,0.262303,2.055111,-9.560259
1790544753.7544,0.000443,-0.028745,-0.122819,-0.001748,-0.026578,-0.122819,0.374498,-0.179144,-1.004243,0.453943,1.608951,-8.473546
1790544753.7685,0.010824,-0.038367,-0.133362,0.007053,-0.034830,-0.133362,0.648894,-0.513033,-0.939893,-1.845736,1.125611,-10.142427
1790544753.7827,-0.003730,-0.042827,-0.146604,-0.000495,-0.040428,-0.146604,0.335645,0.990075,-0.676425,2.293686,2.724351,-14.760958
1790544753.7966,-0.017375,-0.035395,-0.156407,-0.012311,-0.036905,-0.156407,-0.543394,1.117560,-0.548940,-1.424128,2.241011,-17.206063
1790544753.8106,-0.017229,-0.024858,-0.144547,-0.015754,-0.028472,-0.144547,-0.862713,0.413358,-0.455451,-4.988630,-0.212869,-8.784035
1790544753.8246,-0.022460,-0.020120,-0.124931,-0.020448,-0.022625,-0.124931,-0.736442,0.645259,-0.287899,-1.462456,-2.034688,-4.320748
1790544753.8385,-0.039686,-0.000184,-0.152125,-0.033915,-0.006916,-0.152125,-1.149250,1.234118,-0.236905,0.262303,1.683311,-2.807112
1790544753.8524,-0.049914,0.012826,-0.148057,-0.045114,0.006904,-0.148057,-1.110398,1.041069,-0.230835,-2.918919,-0.770569,-8.784035
1790544753.8664,-0.044442,0.013970,-0.143381,-0.044644,0.011850,-0.143381,-0.245929,-0.200998,-0.082709,-4.490366,-1.068009,-19.457112
1790544753.8802,-0.039626,0.007743,-0.133977,-0.041131,0.008975,-0.133977,0.302863,-0.408616,0.535289,-0.504256,-0.175689,-13.130889
1790544753.8942,-0.044969,0.003933,-0.124047,-0.043817,0.005446,-0.124047,0.180235,0.278588,0.722267,-0.005993,0.493551,-8.163056
1790544753.9082,-0.037970,0.006232,-0.106753,-0.039724,0.005996,-0.106753,-0.341846,-0.340625,0.684629,-2.497311,-0.473129,-6.183686
1790544753.9221,-0.043139,0.000249,-0.097553,-0.042115,0.001973,-0.097553,0.435205,0.408501,0.347097,-0.504256,0.902531,-5.096972
1790544753.9360,-0.058749,-0.008172,-0.100514,-0.053759,-0.005129,-0.100514,0.585759,0.990075,0.423588,1.795423,1.757671,-12.471098
1790544753.9499,-0.071295,-0.017400,-0.092677,-0.066034,-0.013719,-0.092677,0.714458,0.816453,0.609352,0.530599,2.649991,-10.375294
1790544753.9634,-0.084354,-0.021586,-0.085049,-0.078858,-0.019226,-0.085049,0.431563,0.854091,0.711340,0.760567,2.984611,-8.085434
1790544753.9772,-0.091048,-0.025475,-0.073377,-0.087391,-0.023600,-0.073377,0.333217,0.400002,0.764762,0.377287,2.389731,-8.473546
1790544753.9919,-0.093763,-0.030267,-0.062148,-0.091852,-0.028267,-0.062148,0.338074,0.115893,0.657917,0.377287,2.017931,-9.016902
1790544754.0061,-0.096738,-0.033885,-0.052698,-0.095272,-0.032200,-0.052698,0.230015,0.142604,0.622707,0.568927,1.683311,-10.530539
1790544754.0202,-0.082520,-0.035294,-0.043443,-0.086345,-0.034366,-0.043443,-0.033454,-1.010831,0.636063,-0.887536,0.158931,-11.927742
1790544754.0341,-0.076087,-0.030566,-0.044621,-0.079165,-0.031706,-0.044621,-0.423193,-0.689083,0.564429,2.830278,0.716631,-10.646972
1790544754.0481,-0.071792,-0.025107,-0.051187,-0.074004,-0.027087,-0.051187,-0.542179,-0.567669,0.504936,3.175230,-0.435949,-9.909560
1790544754.0621,-0.062676,-0.016198,-0.056846,-0.066074,-0.019465,-0.056846,-0.748584,-0.923413,0.348311,2.715294,0.084571,-7.697322
1790544754.0760,-0.054185,-0.003395,-0.063891,-0.057752,-0.008216,-0.063891,-0.993840,-0.886988,0.143121,3.481854,0.493551,-8.628791
1790544754.0899,-0.042540,0.012075,-0.069211,-0.047104,0.005988,-0.069211,-1.178390,-1.083679,-0.036572,3.635166,0.753811,-9.599070
1790544754.1039,-0.040677,0.022620,-0.076436,-0.042605,0.017631,-0.076436,-0.816576,-0.281132,-0.276972,4.248414,1.162791,-13.751868
1790544754.1179,-0.055373,0.015667,-0.086880,-0.051542,0.016256,-0.086880,0.464344,1.158841,-0.680067,1.297159,1.534591,-14.877392
1790544754.1319,-0.035619,0.014544,-0.057073,-0.040396,0.015058,-0.057073,0.128027,-0.835994,-1.216718,-5.678534,2.278191,-9.599070
1790544754.1457,-0.038392,0.012347,-0.092312,-0.038993,0.013160,-0.092312,0.188734,0.060042,-0.728633,3.175230,1.460231,-7.386832
1790544754.1597,-0.037041,0.004130,-0.086840,-0.037627,0.006839,-0.086840,0.477700,0.062471,-0.539227,-0.657568,0.010211,-9.249770
1790544754.1736,-0.024740,-0.002784,-0.088098,-0.028606,0.000103,-0.088098,0.412136,-0.700011,-0.858546,-0.657568,0.382011,-10.608161
1790544754.1876,-0.014358,-0.010149,-0.101611,-0.018633,-0.007074,-0.101611,0.518981,-0.599237,-1.032168,0.070663,1.385871,-9.405014
1790544754.2012,-0.010329,-0.014501,-0.129016,-0.012820,-0.012273,-0.129016,0.444918,-0.225281,-0.978746,0.645583,2.464091,-6.998721
1790544754.2148,-0.007454,-0.017344,-0.147920,-0.009064,-0.015822,-0.147920,0.316219,-0.027376,-1.030954,-0.542584,2.724351,-8.240679
1790544754.2288,0.002111,-0.023254,-0.156238,-0.001242,-0.021024,-0.156238,0.419421,-0.475394,-0.960534,-1.270816,1.534591,-9.288581
1790544754.2433,0.007197,-0.032104,-0.170688,0.004666,-0.028780,-0.170688,0.600328,-0.264134,-0.868259,0.147319,1.497411,-9.831937
1790544754.2573,-0.002338,-0.032535,-0.182071,-0.000237,-0.031409,-0.182071,0.034538,0.776386,-0.638786,-0.427600,2.649991,-15.886483
1790544754.2712,-0.009792,-0.021839,-0.176020,-0.006926,-0.024710,-0.176020,-0.810505,0.803097,-0.463950,-4.528694,1.423051,-14.644525
1790544754.2852,-0.012706,-0.009368,-0.166959,-0.010972,-0.013971,-0.166959,-0.974414,0.509275,-0.365604,-3.992103,0.344831,-10.414105
1790544754.2991,-0.015168,0.003606,-0.166642,-0.013909,-0.001667,-0.166642,-0.905208,0.665899,-0.266045,-2.727279,0.716631,-3.117602
1790544754.3130,-0.032947,0.017381,-0.178715,-0.027236,0.011667,-0.178715,-0.861499,1.238974,-0.194410,1.028863,2.538451,-6.338930
1790544754.3269,-0.029797,0.017068,-0.176091,-0.029029,0.015448,-0.176091,0.007827,-0.137863,-0.054784,-0.964192,1.385871,-8.589979
1790544754.3409,-0.028299,0.014467,-0.176254,-0.028518,0.014761,-0.176254,0.210589,-0.310271,0.434515,2.561982,3.058971,-13.674245
1790544754.3548,-0.034610,0.014916,-0.166707,-0.032783,0.014870,-0.166707,-0.056523,0.308941,0.787831,0.223975,1.534591,-9.909560
1790544754.3686,-0.034279,0.009014,-0.157721,-0.033830,0.010771,-0.157721,0.372070,-0.267776,0.933528,1.220503,1.088431,-10.064805
1790544754.3826,-0.039594,0.002699,-0.157928,-0.037865,0.005120,-0.157928,0.464344,0.170529,0.525576,1.910407,1.832031,-9.249770
1790544754.3965,-0.060679,-0.004031,-0.162832,-0.053835,-0.001286,-0.162832,0.459488,1.200122,0.671273,3.750150,1.348691,-9.599070
1790544754.4105,-0.070754,-0.014124,-0.154978,-0.065678,-0.010272,-0.154978,0.671963,0.606406,0.663988,0.760567,1.237151,-10.569350
1790544754.4241,-0.082316,-0.021712,-0.147916,-0.077325,-0.018280,-0.147916,0.611256,0.722964,0.852180,0.645583,2.464091,-8.551168
1790544754.4378,-0.087765,-0.025438,-0.136372,-0.084633,-0.023291,-0.136372,0.316219,0.361150,0.826683,-0.504256,3.058971,-10.841028
1790544754.4517,-0.086239,-0.028230,-0.122708,-0.085757,-0.026748,-0.122708,0.179021,-0.134220,0.779332,-0.657568,1.906391,-10.258860
1790544754.4656,-0.083693,-0.029158,-0.110961,-0.084312,-0.028435,-0.110961,-0.043167,-0.244707,0.655489,0.185647,0.419191,-11.811308
1790544754.4798,-0.075960,-0.027258,-0.103113,-0.078466,-0.027611,-0.103113,-0.188864,-0.649017,0.518291,1.182175,1.385871,-12.859210
1790544754.4943,-0.070329,-0.019293,-0.099433,-0.072770,-0.021788,-0.099433,-0.617456,-0.635661,0.537717,3.405198,0.828171,-10.530539
1790544754.5086,-0.066062,-0.012199,-0.093753,-0.068075,-0.015076,-0.093753,-0.641739,-0.553099,0.423588,3.405198,-0.473129,-9.909560
1790544754.5225,-0.058480,-0.000220,-0.094313,-0.061358,-0.004676,-0.094313,-0.922206,-0.775287,0.217184,2.561982,0.605091,-7.619700
1790544754.5365,-0.050345,0.012460,-0.093862,-0.053649,0.007319,-0.093862,-0.990198,-0.818997,0.079986,3.213558,0.419191,-8.628791
1790544754.5504,-0.040824,0.026368,-0.096858,-0.044672,0.020653,-0.096858,-1.048477,-0.916128,-0.009861,2.983590,0.976891,-8.163056
1790544754.5643,-0.050190,0.031540,-0.101696,-0.048534,0.028274,-0.101696,-0.412266,0.527487,-0.049927,3.366870,1.460231,-11.578441
1790544754.5782,-0.056676,0.026721,-0.116151,-0.054234,0.027187,-0.116151,0.364785,0.537200,-0.698279,2.025391,2.501271,-13.674245
1790544754.5921,-0.043346,0.021867,-0.117513,-0.046612,0.023463,-0.117513,0.356286,-0.577382,-1.302922,-2.114032,1.720491,-10.608161
1790544754.6061,-0.047082,0.027289,-0.167538,-0.046941,0.026142,-0.167538,0.117100,0.103751,-0.833049,1.910407,3.021791,-1.371098
1790544754.6201,-0.042020,0.021352,-0.157704,-0.043496,0.022789,-0.157704,0.327146,-0.332126,-0.479734,1.105519,0.419191,-10.142427
1790544754.6340,-0.027812,0.008762,-0.150487,-0.032517,0.012970,-0.150487,0.838300,-0.753433,-0.842762,-2.535639,0.976891,-13.247322
1790544754.6480,-0.013446,0.001457,-0.180360,-0.019167,0.004911,-0.180360,0.724171,-0.771645,-1.074663,-1.155832,3.616671,-7.115154
1790544754.6618,-0.006770,-0.001696,-0.208235,-0.010489,0.000286,-0.208235,0.387853,-0.299344,-1.068593,-0.274288,3.058971,-6.959909
1790544754.6765,-0.006463,-0.004798,-0.224203,-0.007670,-0.003273,-0.224203,0.253084,0.026046,-0.959320,1.297159,2.017931,-7.736133
1790544754.6912,0.007127,-0.015455,-0.223825,0.002688,-0.011801,-0.223825,0.629468,-0.720651,-0.877972,-1.500784,0.344831,-9.870749
1790544754.7057,0.009253,-0.022454,-0.242037,0.007283,-0.019258,-0.242037,0.599114,-0.150004,-0.673996,1.488799,3.951291,-10.685784
1790544754.7201,-0.012237,-0.016440,-0.245163,-0.006381,-0.017285,-0.245163,-0.445048,1.462376,-0.497946,2.408670,1.869211,-13.557812
1790544754.7350,-0.018062,-0.003741,-0.234606,-0.014558,-0.007804,-0.234606,-0.957416,0.641616,-0.451808,-3.877119,0.121751,-12.898021
1790544754.7490,-0.023761,0.005984,-0.211480,-0.021000,0.001848,-0.211480,-0.891852,0.676827,-0.344964,-2.650623,-1.068009,-7.969000
1790544754.7627,-0.029802,0.018226,-0.201360,-0.027162,0.013313,-0.201360,-1.056976,0.792170,-0.227192,-2.267343,-0.398769,-4.592427
1790544754.7768,-0.041968,0.031301,-0.202551,-0.037526,0.025905,-0.202551,-0.979271,1.077493,-0.230835,-1.462456,0.753811,-6.727042
1790544754.7906,-0.033715,0.031593,-0.196824,-0.034858,0.029886,-0.196824,-0.148797,-0.532459,-0.130061,-0.887536,0.010211,-14.799770
1790544754.8046,-0.036981,0.028313,-0.197717,-0.036344,0.028785,-0.197717,0.248227,-0.031018,0.636063,3.826806,3.579491,-15.847672
1790544754.8186,-0.046186,0.021615,-0.182375,-0.043234,0.023766,-0.182375,0.376926,0.457067,0.961453,0.760567,0.642271,-11.578441
1790544754.8326,-0.046187,0.013140,-0.164391,-0.045301,0.016328,-0.164391,0.518981,0.058828,0.717410,-2.152360,0.530731,-7.736133
1790544754.8466,-0.052300,0.005482,-0.155358,-0.050200,0.008736,-0.155358,0.527480,0.484992,0.421160,-1.539112,1.608951,-10.336483
1790544754.8606,-0.071669,-0.003681,-0.156890,-0.065228,0.000044,-0.156890,0.652536,1.211049,0.582641,1.910407,1.794851,-9.831937
1790544754.8746,-0.080680,-0.013819,-0.148220,-0.076045,-0.009660,-0.148220,0.744811,0.580909,0.763548,-0.197632,2.166651,-8.745224
1790544754.8883,-0.093789,-0.020088,-0.145227,-0.088466,-0.016960,-0.145227,0.500769,0.783671,0.874035,1.412143,2.501271,-8.667602
1790544754.9019,-0.099672,-0.024692,-0.134571,-0.096310,-0.022372,-0.134571,0.345358,0.389075,0.909245,-0.542584,2.687171,-10.608161
1790544754.9158,-0.100367,-0.030617,-0.126032,-0.099150,-0.028144,-0.126032,0.455845,-0.012806,0.802400,0.032335,2.835891,-9.987182
1790544754.9297,-0.095632,-0.033250,-0.112949,-0.096687,-0.031718,-0.112949,0.013898,-0.438970,0.729552,0.837223,-0.621849,-12.471098
1790544754.9436,-0.089040,-0.030321,-0.107303,-0.091334,-0.030740,-0.107303,-0.364915,-0.652659,0.526790,2.332014,-0.473129,-10.181238
1790544754.9575,-0.085615,-0.025930,-0.107621,-0.087331,-0.027373,-0.107621,-0.479044,-0.530031,0.576570,3.328542,-0.621849,-8.434735
1790544754.9715,-0.083818,-0.019291,-0.106531,-0.084872,-0.021716,-0.106531,-0.622313,-0.392833,0.483081,2.715294,-0.361589,-7.192776
1790544754.9857,-0.075028,-0.007951,-0.104984,-0.077981,-0.012081,-0.104984,-0.871212,-0.795928,0.310673,2.561982,0.753811,-10.258860
1790544754.9997,-0.066737,0.006415,-0.108269,-0.070110,0.000866,-0.108269,-1.126182,-0.825067,0.064202,4.708349,0.084571,-11.733686
1790544755.0138,-0.053646,0.026809,-0.120079,-0.058586,0.019026,-0.120079,-1.454000,-1.151671,-0.086352,3.443526,1.571771,-8.667602
1790544755.0284,-0.063550,0.035826,-0.119651,-0.062061,0.030786,-0.119651,-0.715802,0.533558,-0.173770,4.478381,0.158931,-11.927742
1790544755.0424,-0.078609,0.029968,-0.111970,-0.073644,0.030213,-0.111970,0.317433,1.291182,-0.788126,0.262303,-0.250049,-13.053266
1790544755.0564,-0.058608,0.024419,-0.126793,-0.063119,0.026157,-0.126793,0.548120,-1.127389,-1.058879,-1.462456,3.282051,-8.512357
1790544755.0704,-0.063967,0.021738,-0.164418,-0.063713,0.023064,-0.164418,0.294364,0.256733,-0.687352,3.366870,1.980751,-6.804665
1790544755.0844,-0.063752,0.013692,-0.153054,-0.063740,0.016504,-0.153054,0.478914,0.169315,-0.687352,-0.312616,0.047391,-9.676693
1790544755.0984,-0.048181,0.005647,-0.159780,-0.052849,0.008904,-0.159780,0.637967,-0.845708,-0.953249,-1.730752,2.612811,-10.957462
1790544755.1120,-0.039837,-0.002097,-0.187815,-0.043740,0.001203,-0.187815,0.681676,-0.479037,-1.183936,0.760567,2.315371,-7.930189
1790544755.1256,-0.036225,-0.004442,-0.228810,-0.038480,-0.002748,-0.228810,0.398781,-0.208283,-1.035811,1.067191,2.835891,-5.679140
1790544755.1396,-0.029667,-0.010734,-0.232229,-0.032311,-0.008338,-0.232229,0.395138,-0.272633,-1.041881,-0.389272,0.567911,-8.822846
1790544755.1534,-0.018544,-0.017194,-0.248463,-0.022674,-0.014537,-0.248463,0.506839,-0.635661,-1.021241,-0.350944,1.869211,-8.978091
1790544755.1674,-0.035354,-0.016811,-0.283100,-0.031550,-0.016129,-0.283100,0.176593,1.274184,-0.845190,1.258831,4.620531,-9.637881
1790544755.1813,-0.046345,-0.007145,-0.275357,-0.041906,-0.009840,-0.275357,-0.710945,1.134558,-0.766271,-5.256926,1.906391,-15.692427
1790544755.1953,-0.049640,0.007567,-0.263382,-0.047320,0.002345,-0.263382,-1.166248,0.518988,-0.763843,-2.842263,-0.287229,-13.751868
1790544755.2093,-0.052770,0.020137,-0.240537,-0.051135,0.014799,-0.240537,-1.059404,0.619762,-0.623002,-2.650623,-0.696209,-6.106063
1790544755.2232,-0.065770,0.037367,-0.275925,-0.061379,0.030596,-0.275925,-1.001125,0.980362,-0.578079,1.028863,3.096151,-5.329839
1790544755.2372,-0.067223,0.044034,-0.277058,-0.065470,0.040002,-0.277058,-0.476616,0.335653,-0.466378,-1.347472,1.423051,-8.124245
1790544755.2514,-0.051875,0.039153,-0.275047,-0.055953,0.039408,-0.275047,0.361142,-0.954980,-0.210194,-2.305671,3.691031,-15.614805
1790544755.2653,-0.061426,0.038044,-0.269994,-0.059784,0.038453,-0.269994,0.081890,0.498348,0.711340,1.718767,3.170511,-13.130889
1790544755.2797,-0.063822,0.032998,-0.248934,-0.062611,0.034635,-0.248934,0.234872,0.041830,0.982093,-0.849208,0.865351,-11.462007
1790544755.2937,-0.064453,0.023857,-0.235799,-0.063901,0.027090,-0.235799,0.583330,-0.204641,0.969952,1.258831,1.311511,-9.133336
1790544755.3077,-0.075156,0.016411,-0.222731,-0.071779,0.019615,-0.222731,0.416993,0.696253,0.595996,0.032335,0.196111,-5.368651
1790544755.3216,-0.093910,0.007500,-0.215229,-0.087271,0.011135,-0.215229,0.544478,1.226833,0.600853,1.373815,0.679451,-11.306763
1790544755.3355,-0.102759,-0.001589,-0.210019,-0.098113,0.002228,-0.210019,0.707173,0.619762,0.667631,-0.465928,2.538451,-7.852567
1790544755.3491,-0.110565,-0.005726,-0.203036,-0.106829,-0.003340,-0.203036,0.328360,0.512917,0.778118,-0.044320,3.021791,-10.220049
1790544755.3627,-0.112109,-0.008565,-0.191767,-0.110525,-0.006998,-0.191767,0.180235,0.112250,0.710126,-0.925864,2.352551,-11.073895
1790544755.3771,-0.111289,-0.011206,-0.180963,-0.111060,-0.009943,-0.180963,0.123170,-0.078370,0.563214,-0.197632,1.311511,-9.327392
1790544755.3914,-0.110149,-0.012323,-0.174514,-0.110422,-0.011609,-0.174514,0.067320,-0.130578,0.457584,0.530599,2.017931,-9.793126
1790544755.4054,-0.105601,-0.011418,-0.168776,-0.107047,-0.011475,-0.168776,-0.094161,-0.383120,0.364095,0.990535,1.943571,-11.772497
1790544755.4196,-0.094810,-0.006410,-0.163235,-0.098481,-0.007929,-0.163235,-0.429264,-0.885774,0.350740,2.102047,1.199971,-12.471098
1790544755.4337,-0.086523,0.001719,-0.163890,-0.090111,-0.001176,-0.163890,-0.686662,-0.791071,0.218398,3.826806,0.233291,-11.772497
1790544755.4475,-0.078105,0.013440,-0.168532,-0.081707,0.009055,-0.168532,-0.950131,-0.833566,0.047204,3.405198,0.084571,-8.357112
1790544755.4616,-0.065051,0.025503,-0.173988,-0.070048,0.020569,-0.173988,-0.891852,-1.069110,-0.156772,2.063719,0.976891,-7.076343
1790544755.4755,-0.063424,0.029084,-0.181357,-0.065411,0.026530,-0.181357,-0.267783,-0.175501,-0.284257,2.293686,1.608951,-10.258860
1790544755.4898,-0.072459,0.021961,-0.187805,-0.070345,0.023331,-0.187805,0.421849,0.696253,-0.735918,2.485326,-0.026969,-12.199420
1790544755.5041,-0.064892,0.021012,-0.199080,-0.066528,0.021708,-0.199080,0.129241,-0.185214,-1.278639,-1.615768,2.389731,-11.733686
1790544755.5183,-0.064197,0.019905,-0.221789,-0.064896,0.020446,-0.221789,0.107387,0.109822,-1.358773,1.450471,1.014071,-7.309210
1790544755.5322,-0.056246,0.014950,-0.227601,-0.058841,0.016599,-0.227601,0.362356,-0.398903,-0.775984,-0.120976,0.790991,-5.135783
1790544755.5464,-0.042901,0.004625,-0.228749,-0.047683,0.008217,-0.228749,0.673177,-0.736435,-0.930180,-0.772552,0.567911,-11.694875
1790544755.5602,-0.029197,-0.008871,-0.239146,-0.034742,-0.003744,-0.239146,0.959714,-0.751005,-1.233716,-0.695896,1.311511,-11.151518
1790544755.5739,-0.019132,-0.016044,-0.262751,-0.023815,-0.012354,-0.262751,0.560262,-0.589524,-1.380627,0.837223,2.055111,-10.336483
1790544755.5875,-0.015275,-0.019625,-0.288784,-0.017837,-0.017444,-0.288784,0.299221,-0.209497,-1.220360,1.297159,1.757671,-8.434735
1790544755.6013,-0.008783,-0.025032,-0.303502,-0.011499,-0.022756,-0.303502,0.414565,-0.264134,-1.084376,-0.810880,1.608951,-8.085434
1790544755.6153,-0.007738,-0.034688,-0.311226,-0.008866,-0.031108,-0.311226,0.676819,0.094038,-0.782055,-1.692424,1.906391,-14.683336
1790544755.6293,-0.023784,-0.029356,-0.320065,-0.019309,-0.029881,-0.320065,-0.367343,1.300896,-0.574437,-1.845736,2.984611,-17.594175
1790544755.6432,-0.025821,-0.019109,-0.313427,-0.023867,-0.022341,-0.313427,-0.827503,0.469208,-0.591435,-5.371910,-0.026969,-13.751868
1790544755.6572,-0.029337,-0.010946,-0.311786,-0.027696,-0.014364,-0.311786,-0.836002,0.665899,-0.528299,-2.727279,-1.551348,-4.243126
1790544755.6712,-0.037627,0.002143,-0.311758,-0.034648,-0.002810,-0.311758,-1.098256,0.841950,-0.436025,-1.117504,-0.510309,-4.281937
1790544755.6851,-0.051593,0.018426,-0.320848,-0.046509,0.012055,-0.320848,-1.097042,1.083564,-0.370461,0.147319,1.571771,-5.523895
1790544755.6990,-0.046243,0.015929,-0.319147,-0.046323,0.014767,-0.319147,0.068534,-0.276275,-0.222336,-1.960720,-0.138509,-21.281238
1790544755.7129,-0.044056,0.013219,-0.312107,-0.044736,0.013683,-0.312107,0.151096,-0.185214,0.303388,-0.312616,1.646131,-13.480189
1790544755.7268,-0.049714,0.011289,-0.310588,-0.048221,0.012007,-0.310588,0.117100,0.206954,0.727124,1.603783,1.869211,-11.112707
1790544755.7409,-0.045584,0.001941,-0.288712,-0.046375,0.004961,-0.288712,0.562690,-0.177929,0.755049,-2.114032,0.121751,-5.252217
1790544755.7552,-0.041195,-0.000997,-0.276279,-0.042749,0.000790,-0.276279,0.232443,-0.159717,0.134622,-1.232488,0.976891,-4.514804
1790544755.7691,-0.060076,-0.002990,-0.305841,-0.054878,-0.001856,-0.305841,0.155952,1.113918,0.241467,3.596838,1.794851,-9.288581
1790544755.7831,-0.070579,-0.011113,-0.305985,-0.065869,-0.008336,-0.305985,0.582116,0.665899,0.349525,1.220503,1.980751,-11.267951
1790544755.7972,-0.081842,-0.018624,-0.306797,-0.077050,-0.015537,-0.306797,0.567546,0.627047,0.643348,1.833751,2.352551,-9.210958
1790544755.8108,-0.091149,-0.022424,-0.298563,-0.086920,-0.020358,-0.298563,0.340502,0.593051,0.722267,0.607255,3.207691,-10.220049
1790544755.8245,-0.092292,-0.027787,-0.281239,-0.090680,-0.025558,-0.281239,0.358714,0.111036,0.697984,-1.079176,1.385871,-8.628791
1790544755.8384,-0.095674,-0.031154,-0.271023,-0.094176,-0.029476,-0.271023,0.219088,0.159602,0.693128,0.530599,1.608951,-9.055714
1790544755.8524,-0.101229,-0.033726,-0.262975,-0.099113,-0.032451,-0.262975,0.151096,0.296800,0.677344,0.913879,1.423051,-9.016902
1790544755.8662,-0.093329,-0.037756,-0.250016,-0.095064,-0.036165,-0.250016,0.180235,-0.611378,0.683414,-0.235960,0.493551,-12.859210
1790544755.8802,-0.085043,-0.031754,-0.247340,-0.088050,-0.033077,-0.247340,-0.536109,-0.703653,0.472154,1.680439,0.233291,-12.781588
1790544755.8940,-0.082064,-0.020482,-0.264925,-0.083860,-0.024261,-0.264925,-0.901565,-0.536101,0.487938,4.056774,0.382011,-8.434735
1790544755.9079,-0.075253,-0.008703,-0.270277,-0.077835,-0.013370,-0.270277,-0.950131,-0.702439,0.315529,2.063719,0.121751,-6.688231
1790544755.9219,-0.060847,0.004872,-0.271414,-0.065943,-0.000601,-0.271414,-0.970772,-1.173526,0.243895,1.220503,1.423051,-6.882287
1790544755.9358,-0.050311,0.017646,-0.276166,-0.055001,0.012172,-0.276166,-0.946489,-1.015688,0.303388,2.868606,1.274331,-8.240679
1790544755.9497,-0.057781,0.022572,-0.279086,-0.056947,0.019452,-0.279086,-0.436549,0.403645,0.095770,4.056774,0.865351,-17.050819
1790544755.9636,-0.067416,0.017168,-0.282357,-0.064275,0.017853,-0.282357,0.336859,0.804311,-0.484590,0.837223,1.162791,-19.922847
1790544755.9775,-0.065307,0.019248,-0.296063,-0.064997,0.018830,-0.296063,-0.011599,0.040616,-0.909540,-0.005993,3.467951,-9.676693
1790544755.9916,-0.053567,0.017453,-0.282493,-0.056996,0.017866,-0.282493,0.168094,-0.468109,-0.845190,-2.267343,1.497411,-6.921098
1790544756.0060,-0.056199,0.011523,-0.300479,-0.056438,0.013426,-0.300479,0.565118,0.176600,-0.461522,0.722239,1.571771,-3.660958
1790544756.0201,-0.051228,-0.001620,-0.302883,-0.052791,0.002894,-0.302883,0.916005,-0.165788,-0.706778,-0.887536,1.125611,-10.918651
1790544756.0337,-0.039169,-0.006774,-0.319165,-0.043256,-0.003874,-0.319165,0.501983,-0.766788,-0.966605,0.645583,3.542311,-10.452916
1790544756.0473,-0.035032,-0.009720,-0.339481,-0.037499,-0.007966,-0.339481,0.265225,-0.270204,-1.000601,1.948735,2.017931,-9.443825
1790544756.0611,-0.030747,-0.013079,-0.356858,-0.032773,-0.011545,-0.356858,0.260369,-0.254420,-0.970247,1.335487,1.423051,-8.628791
1790544756.0751,-0.016934,-0.019613,-0.352707,-0.021686,-0.017192,-0.352707,0.446132,-0.674514,-0.953249,-2.842263,1.051251,-9.327392
1790544756.0891,-0.028347,-0.023998,-0.368419,-0.026349,-0.021956,-0.368419,0.416993,0.907514,-0.688566,0.300631,3.542311,-10.996273
1790544756.1030,-0.047458,-0.016853,-0.382846,-0.041126,-0.018384,-0.382846,-0.532466,1.399241,-0.666712,2.255358,1.274331,-12.665154
1790544756.1169,-0.046030,-0.004367,-0.371282,-0.044558,-0.008572,-0.371282,-0.969557,0.220309,-0.647285,-3.455511,0.084571,-10.064805
1790544756.1309,-0.053525,0.006053,-0.367021,-0.050835,0.001665,-0.367021,-0.877283,0.824952,-0.614503,-1.769080,-0.584669,-6.998721
1790544756.1448,-0.064803,0.019964,-0.376622,-0.060612,0.014474,-0.376622,-0.851786,0.936653,-0.450594,-0.082648,2.241011,-5.485084
1790544756.1588,-0.078467,0.031665,-0.386082,-0.073110,0.026508,-0.386082,-0.698804,1.084778,-0.359534,0.223975,3.244871,-8.085434
1790544756.1727,-0.069943,0.025229,-0.381045,-0.070893,0.025613,-0.381045,0.353857,-0.482679,-0.138560,-2.880591,0.158931,-21.281238
1790544756.1866,-0.067715,0.023412,-0.373948,-0.068668,0.024072,-0.373948,0.146239,-0.292059,0.571713,0.875551,2.984611,-11.151518
1790544756.2006,-0.068527,0.021650,-0.367264,-0.068569,0.022376,-0.367264,0.021183,-0.176715,0.803615,1.910407,0.790991,-10.724595
1790544756.2145,-0.062751,0.015751,-0.359661,-0.064496,0.017739,-0.359661,0.254298,-0.477823,0.368952,0.108991,-0.473129,-6.998721
1790544756.2284,-0.074375,0.009871,-0.366913,-0.071411,0.012231,-0.366913,0.410922,0.627047,0.401734,2.638638,1.608951,-8.978091
1790544756.2425,-0.091483,0.000493,-0.368159,-0.085462,0.004014,-0.368159,0.629468,1.066566,0.486723,2.523654,1.571771,-12.044175
1790544756.2569,-0.105870,-0.010458,-0.365676,-0.099748,-0.006116,-0.365676,0.775165,0.848021,0.683414,1.373815,1.980751,-7.813756
1790544756.2705,-0.113940,-0.014899,-0.355577,-0.109682,-0.012264,-0.355577,0.397567,0.540843,0.781760,-0.082648,3.579491,-9.405014
1790544756.2843,-0.117955,-0.019106,-0.343000,-0.115473,-0.017053,-0.343000,0.273724,0.222737,0.823041,0.147319,2.017931,-9.327392
1790544756.2983,-0.118921,-0.023682,-0.329734,-0.117886,-0.021693,-0.329734,0.273724,0.036974,0.708911,-0.159304,1.571771,-9.288581
1790544756.3124,-0.119632,-0.026795,-0.317740,-0.119108,-0.025264,-0.317740,0.179021,0.040616,0.606924,-0.235960,1.608951,-9.715504
1790544756.3262,-0.115702,-0.027955,-0.308835,-0.116724,-0.027148,-0.308835,0.111029,-0.310271,0.497651,0.223975,3.058971,-11.306763
1790544756.3400,-0.102653,-0.024201,-0.295991,-0.106874,-0.025085,-0.295991,-0.413480,-0.935554,0.514649,-0.772552,0.010211,-12.238231
1790544756.3539,-0.096656,-0.017292,-0.299295,-0.099721,-0.019630,-0.299295,-0.649024,-0.670871,0.388378,4.133430,-0.584669,-11.112707
1790544756.3678,-0.093699,-0.006316,-0.306430,-0.095506,-0.010310,-0.306430,-0.906422,-0.513033,0.262107,4.018446,-0.138509,-7.542077
1790544756.3817,-0.085505,0.008016,-0.311395,-0.088505,0.002518,-0.311395,-1.101899,-0.806855,0.033848,3.481854,0.493551,-8.357112
1790544756.3956,-0.075637,0.022955,-0.316196,-0.079497,0.016824,-0.316196,-1.132252,-0.920984,-0.069354,3.213558,0.679451,-7.619700
1790544756.4095,-0.068519,0.037006,-0.323608,-0.071812,0.030952,-0.323608,-1.035121,-0.689083,-0.217479,3.366870,1.199971,-8.201867
1790544756.4235,-0.088033,0.036014,-0.332483,-0.083167,0.034495,-0.332483,0.026039,1.297253,-0.451808,5.168285,0.567911,-11.035084
1790544756.4375,-0.073428,0.034705,-0.327963,-0.076349,0.034642,-0.327963,0.318647,-0.650231,-0.873116,-3.225543,4.694891,-7.930189
1790544756.4514,-0.082624,0.030597,-0.348449,-0.080741,0.031811,-0.348449,0.357500,0.618548,-0.694637,2.753622,1.571771,-6.959909
1790544756.4654,-0.082414,0.024970,-0.352819,-0.081912,0.027022,-0.352819,0.376926,0.108608,-0.731061,0.722239,0.605091,-7.580888
1790544756.4792,-0.066658,0.017642,-0.347560,-0.071234,0.020456,-0.347560,0.515338,-0.871205,-0.807552,-1.692424,1.162791,-10.025993
1790544756.4930,-0.061047,0.007895,-0.356371,-0.064103,0.011663,-0.356371,0.701102,-0.182786,-1.115944,-0.044320,0.939711,-9.715504
1790544756.5070,-0.052141,0.001986,-0.377545,-0.055730,0.004889,-0.377545,0.539621,-0.454754,-1.109873,0.223975,2.203831,-7.037532
1790544756.5212,-0.042539,-0.001125,-0.397676,-0.046496,0.000679,-0.397676,0.312577,-0.511819,-1.124443,0.262303,2.166651,-7.813756
1790544756.5351,-0.036803,-0.007835,-0.410391,-0.039711,-0.005281,-0.410391,0.506839,-0.251992,-0.932609,-0.044320,1.534591,-8.551168
1790544756.5492,-0.023856,-0.013268,-0.424009,-0.028613,-0.010872,-0.424009,0.551763,-0.662372,-0.868259,-2.382327,4.285911,-9.560259
1790544756.5632,-0.041560,-0.010707,-0.443695,-0.037676,-0.010757,-0.443695,-0.101446,1.327607,-0.746845,1.833751,3.728211,-13.441378
1790544756.5770,-0.047788,-0.000932,-0.449349,-0.044754,-0.003880,-0.449349,-0.676949,0.676827,-0.593863,-3.378855,3.653851,-18.797322
1790544756.5909,-0.047223,0.009925,-0.427066,-0.046482,0.005784,-0.427066,-0.933133,0.341723,-0.517372,-3.263871,-0.844929,-6.571797
1790544756.6049,-0.054150,0.017154,-0.419272,-0.051850,0.013743,-0.419272,-0.730371,0.658614,-0.147059,-0.810880,-0.882109,-4.631238
1790544756.6188,-0.067003,0.034941,-0.432014,-0.062457,0.028582,-0.432014,-1.046048,1.066566,-0.204123,-0.542584,2.724351,-4.359560
1790544756.6327,-0.057530,0.032248,-0.429471,-0.059008,0.031148,-0.429471,0.096459,-0.679370,-0.089994,0.568927,0.716631,-17.710609
1790544756.6466,-0.064503,0.027918,-0.430553,-0.062854,0.028887,-0.430553,0.340502,0.205739,0.731980,3.596838,3.282051,-11.267951
1790544756.6606,-0.071797,0.023112,-0.415555,-0.069114,0.024844,-0.415555,0.208160,0.361150,0.901960,0.530599,0.344831,-12.548721
1790544756.6746,-0.070910,0.014869,-0.397336,-0.070371,0.017862,-0.397336,0.421849,-0.091725,0.683414,-0.810880,-0.250049,-7.192776
1790544756.6887,-0.081056,0.005929,-0.395054,-0.077851,0.009509,-0.395054,0.607613,0.605192,0.463655,1.220503,1.385871,-9.016902
1790544756.7026,-0.099717,-0.004157,-0.402077,-0.093157,-0.000057,-0.402077,0.682890,1.061710,0.621493,3.711822,1.237151,-9.133336
1790544756.7166,-0.111184,-0.013806,-0.392191,-0.105776,-0.009681,-0.392191,0.684104,0.752103,0.791473,0.147319,2.166651,-9.210958
1790544756.7301,-0.124241,-0.022931,-0.383534,-0.118702,-0.018956,-0.383534,0.656179,0.863804,0.858251,0.760567,2.129471,-9.443825
1790544756.7437,-0.130125,-0.028446,-0.371430,-0.126698,-0.025599,-0.371430,0.378140,0.385432,0.840039,-0.005993,2.426911,-10.491728
1790544756.7602,-0.132728,-0.035593,-0.359395,-0.130919,-0.032595,-0.359395,0.441276,0.134105,0.705269,-0.235960,2.798711,-9.366203
1790544756.7752,-0.124427,-0.038550,-0.342697,-0.126375,-0.036763,-0.342697,0.015112,-0.545815,0.598425,-0.772552,-0.919289,-13.402567
1790544756.7900,-0.118268,-0.033545,-0.338123,-0.120700,-0.034510,-0.338123,-0.476616,-0.576168,0.508578,2.868606,-0.175689,-11.306763
1790544756.8049,-0.112537,-0.028187,-0.334395,-0.114986,-0.030084,-0.334395,-0.555535,-0.589524,0.524362,2.983590,-1.179549,-9.172147
1790544756.8201,-0.103986,-0.016863,-0.335002,-0.107286,-0.020829,-0.335002,-0.850571,-0.744934,0.305816,2.140375,0.121751,-6.765853
1790544756.8339,-0.096460,-0.004921,-0.338750,-0.099708,-0.009694,-0.338750,-0.930705,-0.743720,0.223255,3.021918,0.828171,-9.133336
1790544756.8474,-0.087894,0.009220,-0.343152,-0.091438,0.003546,-0.343152,-1.124968,-0.823853,0.003495,3.558510,0.456371,-9.754315
1790544756.8614,-0.076355,0.027650,-0.354335,-0.080880,0.020419,-0.354335,-1.331372,-1.013259,-0.229620,4.516709,1.646131,-10.530539
1790544756.8754,-0.087403,0.027197,-0.346910,-0.085446,0.025164,-0.346910,-0.135442,0.788528,-0.482162,4.248414,-2.332128,-16.080539
1790544756.8895,-0.071445,0.017802,-0.288924,-0.075645,0.020010,-0.288924,0.656179,-0.438970,-1.021241,-7.020013,0.493551,-6.416553
1790544756.9035,-0.078369,0.022238,-0.427478,-0.077552,0.021570,-0.427478,0.095245,0.200883,-0.729847,4.056774,3.765391,-2.962357
1790544756.9176,-0.082895,0.015308,-0.427799,-0.081292,0.017187,-0.427799,0.436419,0.381790,-0.558653,1.412143,0.307651,-9.405014
1790544756.9315,-0.069380,0.010548,-0.419588,-0.072953,0.012539,-0.419588,0.308934,-0.729150,-0.791768,-1.270816,0.790991,-10.064805
1790544756.9455,-0.064100,0.001416,-0.428503,-0.066756,0.004753,-0.428503,0.639181,-0.220424,-0.992102,0.568927,0.753811,-9.405014
1790544756.9590,-0.058441,-0.006428,-0.441715,-0.060935,-0.003074,-0.441715,0.612470,-0.234994,-1.108659,0.223975,1.237151,-8.357112
1790544756.9725,-0.046187,-0.007208,-0.449621,-0.050611,-0.005968,-0.449621,0.202090,-0.617449,-1.071021,-1.347472,2.575631,-7.076343
1790544756.9864,-0.043322,-0.013727,-0.465565,-0.045509,-0.011399,-0.465565,0.503197,-0.071085,-1.017599,0.453943,1.423051,-8.240679
1790544757.0004,-0.034360,-0.021637,-0.473704,-0.037705,-0.018566,-0.473704,0.622183,-0.428043,-0.911968,-1.347472,2.278191,-10.452916
1790544757.0147,-0.037614,-0.027426,-0.478299,-0.037642,-0.024768,-0.478299,0.436419,0.400002,-0.591435,-1.884064,2.649991,-14.489280
1790544757.0287,-0.050755,-0.021730,-0.476790,-0.046821,-0.022642,-0.476790,-0.391626,1.183124,-0.540441,-4.567022,3.058971,-20.155714
1790544757.0427,-0.050816,-0.008465,-0.463752,-0.049617,-0.012718,-0.463752,-0.934347,0.346580,-0.489447,-5.831846,2.055111,-13.247322
1790544757.0566,-0.052054,-0.002905,-0.445393,-0.051323,-0.005849,-0.445393,-0.471759,0.551770,-0.274544,-3.953775,-0.064149,-4.825294
1790544757.0706,-0.062882,0.013053,-0.460250,-0.059414,0.007382,-0.460250,-0.785008,0.896586,-0.262402,-0.542584,4.323091,-4.475993
1790544757.0847,-0.071667,0.023527,-0.461818,-0.067991,0.018684,-0.461818,-0.765582,0.871089,-0.211408,-1.270816,0.567911,-4.514804
1790544757.0986,-0.065291,0.020640,-0.463054,-0.066101,0.020053,-0.463054,0.159595,-0.441398,-0.096065,0.645583,2.092291,-19.301868
1790544757.1126,-0.068127,0.018830,-0.455763,-0.067519,0.019197,-0.455763,0.092817,0.066113,0.629992,0.990535,2.017931,-11.927742
1790544757.1265,-0.072629,0.014815,-0.445659,-0.071096,0.016130,-0.445659,0.192377,0.183885,0.847324,0.377287,1.051251,-12.199420
1790544757.1405,-0.078318,0.002823,-0.445260,-0.076152,0.006815,-0.445260,0.597900,0.310156,0.667631,0.147319,-1.551348,-7.231588
1790544757.1544,-0.096700,-0.006228,-0.462805,-0.090535,-0.002315,-0.462805,0.703530,0.956079,0.390806,3.558510,1.497411,-4.980539
1790544757.1683,-0.117137,-0.018708,-0.462665,-0.109157,-0.013790,-0.462665,0.854084,1.297253,0.572928,2.638638,1.199971,-9.793126
1790544757.1819,-0.128430,-0.030072,-0.451577,-0.122648,-0.025187,-0.451577,0.854084,0.794598,0.693128,0.147319,2.761531,-10.181238
1790544757.1955,-0.138997,-0.037271,-0.437952,-0.134092,-0.033646,-0.437952,0.505625,0.742390,0.837611,0.070663,2.203831,-9.793126
1790544757.2095,-0.136553,-0.041044,-0.419716,-0.135815,-0.038824,-0.419716,0.267653,-0.190071,0.887390,-0.542584,3.319231,-11.073895
1790544757.2235,-0.127087,-0.038600,-0.406107,-0.129705,-0.038667,-0.406107,-0.304208,-0.798356,0.895889,1.258831,1.051251,-11.384385
1790544757.2373,-0.123059,-0.034227,-0.399587,-0.125053,-0.035559,-0.399587,-0.504541,-0.483893,0.711340,2.906934,-0.621849,-11.073895
1790544757.2513,-0.118977,-0.032427,-0.394117,-0.120800,-0.033366,-0.394117,-0.372200,-0.554314,0.705269,4.056774,-1.774428,-10.646972
1790544757.2658,-0.111974,-0.025837,-0.390487,-0.114622,-0.028095,-0.390487,-0.611385,-0.721865,0.554715,2.983590,-0.324409,-8.046623
1790544757.2800,-0.103520,-0.013406,-0.389240,-0.106850,-0.017813,-0.389240,-1.012052,-0.906415,0.460012,3.366870,-0.064149,-6.610609
1790544757.2939,-0.094361,0.001031,-0.385333,-0.098107,-0.004622,-0.385333,-1.143180,-0.883346,0.461226,2.676966,0.493551,-8.589979
1790544757.3078,-0.084853,0.013447,-0.379792,-0.088829,0.008026,-0.379792,-1.015695,-0.878489,0.355596,2.523654,0.307651,-9.715504
1790544757.3216,-0.089497,0.018713,-0.380299,-0.089297,0.015507,-0.380299,-0.466903,0.175386,0.172261,3.941790,0.679451,-13.674245
1790544757.3356,-0.092201,0.015746,-0.379606,-0.091330,0.015674,-0.379606,0.165665,0.307727,-0.468806,0.568927,0.753811,-14.722147
1790544757.3495,-0.083757,0.010247,-0.377796,-0.086029,0.011876,-0.377796,0.396352,-0.346695,-0.902255,-1.117504,1.088431,-11.306763
1790544757.3634,-0.084860,0.011209,-0.412094,-0.085211,0.011409,-0.412094,0.169308,-0.112366,-0.519800,2.638638,2.464091,-4.010259
1790544757.3774,-0.074608,0.003169,-0.407875,-0.077789,0.005641,-0.407875,0.563904,-0.645374,-0.241762,-0.465928,1.757671,-12.354665
1790544757.3913,-0.058597,-0.011241,-0.399784,-0.064355,-0.006177,-0.399784,1.051989,-0.885774,-0.697065,-2.688951,1.832031,-11.850119
1790544757.4052,-0.041067,-0.017710,-0.411005,-0.048053,-0.014250,-0.411005,0.631896,-1.077609,-0.876758,-0.772552,3.319231,-8.046623
1790544757.4189,-0.034901,-0.021086,-0.429397,-0.038847,-0.019035,-0.429397,0.370855,-0.340625,-0.960534,0.415615,2.649991,-8.007811
1790544757.4327,-0.034284,-0.025295,-0.438575,-0.035653,-0.023417,-0.438575,0.311362,0.119535,-0.845190,-0.427600,1.014071,-7.425644
1790544757.4467,-0.023138,-0.030813,-0.433734,-0.026892,-0.028594,-0.433734,0.410922,-0.471752,-0.834263,-2.918919,1.274331,-7.852567
1790544757.4605,-0.022232,-0.033252,-0.443499,-0.023630,-0.031855,-0.443499,0.321076,0.041830,-0.530728,-0.772552,4.546171,-11.694875
1790544757.4744,-0.040411,-0.026480,-0.450885,-0.035377,-0.028092,-0.450885,-0.488757,1.438094,-0.495517,-0.964192,2.241011,-17.167252
1790544757.4885,-0.041922,-0.009415,-0.442789,-0.039958,-0.015018,-0.442789,-1.186889,0.487420,-0.495517,-6.521750,2.241011,-11.811308
1790544757.5027,-0.047806,-0.000060,-0.441111,-0.045452,-0.004548,-0.441111,-0.882139,0.718107,-0.347392,-2.458983,-1.662888,-5.834385
1790544757.5170,-0.053511,0.012094,-0.439051,-0.051093,0.007101,-0.439051,-0.837216,0.637974,-0.313396,-1.270816,0.790991,-4.553616
1790544757.5312,-0.060483,0.022008,-0.439533,-0.057666,0.017536,-0.439533,-0.662379,0.671970,-0.306111,-0.964192,1.423051,-6.261308
1790544757.5455,-0.068426,0.033711,-0.441508,-0.065198,0.028859,-0.441508,-0.808077,0.833451,-0.351035,-3.033903,1.757671,-10.064805
1790544757.5596,-0.062368,0.037040,-0.444601,-0.063217,0.034585,-0.444601,-0.324848,-0.180358,-0.188340,-4.567022,0.493551,-13.363756
1790544757.5735,-0.059241,0.035165,-0.444302,-0.060433,0.034991,-0.444302,0.013898,-0.318770,0.460012,0.262303,0.456371,-11.733686
1790544757.5875,-0.062955,0.028616,-0.457005,-0.062198,0.030528,-0.457005,0.363571,-0.039517,0.582641,4.171758,0.716631,-11.772497
1790544757.6013,-0.074908,0.017649,-0.452564,-0.071095,0.021513,-0.452564,0.871082,0.691396,0.569285,1.488799,2.724351,-7.619700
1790544757.6153,-0.082908,0.009417,-0.440372,-0.079364,0.013046,-0.440372,0.557833,0.662257,0.389592,-1.730752,1.348691,-9.288581
1790544757.6292,-0.094901,-0.000095,-0.434277,-0.090240,0.003847,-0.434277,0.654965,0.772744,0.572928,0.760567,1.720491,-10.103616
1790544757.6427,-0.108380,-0.011684,-0.428795,-0.102938,-0.007025,-0.428795,0.843157,0.841950,0.717410,1.718767,1.906391,-9.521448
1790544757.6563,-0.123296,-0.018066,-0.419046,-0.117189,-0.014753,-0.419046,0.516553,0.913584,0.823041,2.140375,3.282051,-9.560259
1790544757.6708,-0.126322,-0.024359,-0.401464,-0.123582,-0.021477,-0.401464,0.414565,0.135319,0.874035,0.185647,2.464091,-9.482637
1790544757.6850,-0.124842,-0.027298,-0.383448,-0.124464,-0.025552,-0.383448,0.237300,-0.213140,0.872821,0.798895,3.393591,-9.599070
1790544757.6992,-0.114129,-0.028521,-0.375851,-0.117229,-0.027630,-0.375851,-0.103874,-0.840851,0.770833,0.530599,-0.435949,-12.432287
1790544757.7132,-0.108622,-0.025119,-0.376431,-0.111204,-0.025872,-0.376431,-0.369771,-0.635661,0.640920,3.788478,0.382011,-11.151518
1790544757.7272,-0.106244,-0.021363,-0.381209,-0.107732,-0.022715,-0.381209,-0.468117,-0.440184,0.615423,3.635166,-0.993649,-9.366203
1790544757.7414,-0.098448,-0.011657,-0.380362,-0.101233,-0.014974,-0.380362,-0.797149,-0.765574,0.518291,2.753622,0.344831,-9.055714
1790544757.7557,-0.088637,-0.000324,-0.381431,-0.092416,-0.004719,-0.381431,-0.895495,-0.880918,0.293675,2.600310,0.419191,-8.900469
1790544757.7700,-0.079842,0.013858,-0.384623,-0.083614,0.008285,-0.384623,-1.047263,-0.787429,0.123695,3.405198,1.199971,-11.306763
1790544757.7841,-0.073009,0.029694,-0.389416,-0.076190,0.023271,-0.389416,-1.188103,-0.578596,-0.130061,2.791950,0.939711,-11.966553
1790544757.7983,-0.086694,0.027976,-0.398683,-0.083543,0.026564,-0.398683,0.057607,1.024071,-0.463950,2.217030,0.344831,-15.149070
1790544757.8123,-0.076935,0.026692,-0.397008,-0.078917,0.026653,-0.397008,0.114671,-0.372192,-0.977532,-1.845736,1.534591,-10.685784
1790544757.8264,-0.077723,0.028197,-0.417235,-0.078081,0.027734,-0.417235,0.043037,-0.061372,-0.602362,2.676966,2.278191,-5.252217
1790544757.8404,-0.076489,0.016864,-0.419718,-0.076967,0.020125,-0.419718,0.766666,0.041830,-0.527085,0.070663,0.605091,-10.103616
1790544757.8542,-0.058090,0.005717,-0.417234,-0.063753,0.010040,-0.417234,0.736312,-1.081251,-0.892542,-1.539112,0.121751,-12.121798
1790544757.8682,-0.049807,-0.002538,-0.439029,-0.053991,0.001235,-0.439029,0.701102,-0.520318,-1.100160,1.527127,2.315371,-7.697322
1790544757.8818,-0.045408,-0.006158,-0.457863,-0.047983,-0.003940,-0.457863,0.384211,-0.190071,-1.125657,0.683911,2.278191,-7.231588
1790544757.8954,-0.036647,-0.011035,-0.472365,-0.040048,-0.008906,-0.472365,0.402423,-0.465681,-1.140227,0.032335,1.794851,-9.172147
1790544757.9093,-0.026437,-0.016613,-0.482589,-0.030521,-0.014301,-0.482589,0.469201,-0.532459,-1.005457,-0.695896,2.017931,-7.930189
1790544757.9232,-0.016310,-0.023668,-0.492984,-0.020573,-0.020858,-0.492984,0.561476,-0.565241,-0.924110,-0.657568,2.352551,-9.948371
1790544757.9372,-0.031675,-0.022274,-0.502992,-0.028345,-0.021849,-0.502992,0.056393,1.271756,-0.740774,-1.194160,5.215411,-12.238231
1790544757.9510,-0.037863,-0.012593,-0.492238,-0.035008,-0.015370,-0.492238,-0.717016,0.874732,-0.731061,-7.020013,1.311511,-12.859210
1790544757.9649,-0.039623,-0.002751,-0.491470,-0.038238,-0.006537,-0.491470,-0.777723,0.442497,-0.557439,-3.800463,0.233291,-10.414105
1790544757.9788,-0.044222,0.005840,-0.493579,-0.042427,0.002127,-0.493579,-0.754654,0.612477,-0.392315,-2.152360,-0.584669,-6.338930
1790544757.9928,-0.050034,0.019208,-0.489211,-0.047752,0.014084,-0.489211,-0.891852,0.650115,-0.285471,-2.075704,2.129471,-7.619700
1790544758.0069,-0.055207,0.029076,-0.497546,-0.052971,0.024579,-0.497546,-0.860285,0.670756,-0.173770,-3.532167,-0.956469,-7.813756
1790544758.0215,-0.048915,0.028339,-0.500286,-0.050132,0.027211,-0.500286,-0.065022,-0.341839,-0.037786,-2.343999,-0.064149,-17.749420
1790544758.0356,-0.049592,0.024599,-0.500945,-0.049754,0.025382,-0.500945,0.174164,-0.136649,0.627564,1.565455,0.939711,-12.820399
1790544758.0496,-0.061539,0.015040,-0.506031,-0.058003,0.018142,-0.506031,0.521409,0.546913,1.022160,2.983590,-0.398769,-12.898021
1790544758.0635,-0.064480,0.010073,-0.474870,-0.062537,0.012494,-0.474870,0.457060,0.298014,0.606924,-1.539112,2.129471,-5.601518
1790544758.0776,-0.072039,0.003393,-0.469189,-0.069188,0.006124,-0.469189,0.527480,0.432784,0.402948,0.913879,2.092291,-7.270399
1790544758.0916,-0.085622,-0.006370,-0.470867,-0.080692,-0.002622,-0.470867,0.685318,0.818881,0.457584,2.332014,1.869211,-10.918651
1790544758.1056,-0.100671,-0.017191,-0.462856,-0.094677,-0.012821,-0.462856,0.799448,0.906299,0.731980,1.642111,2.389731,-8.667602
1790544758.1195,-0.109884,-0.025184,-0.444597,-0.105322,-0.021475,-0.444597,0.662250,0.601550,0.750192,0.262303,3.356411,-8.784035
1790544758.1335,-0.118100,-0.030801,-0.429367,-0.114267,-0.028003,-0.429367,0.461916,0.491063,0.729552,0.990535,3.430771,-9.870749
1790544758.1478,-0.116357,-0.038920,-0.419592,-0.115730,-0.035645,-0.419592,0.544478,-0.175501,0.520719,0.798895,1.980751,-11.617252
1790544758.1619,-0.108393,-0.042059,-0.413848,-0.110594,-0.040135,-0.413848,0.160809,-0.672085,0.489152,2.140375,1.497411,-14.062357
1790544758.1759,-0.100025,-0.038463,-0.419858,-0.103196,-0.038964,-0.419858,-0.441406,-0.776502,0.489152,2.753622,-1.068009,-10.685784
1790544758.1899,-0.089368,-0.033495,-0.426631,-0.093517,-0.035136,-0.426631,-0.547036,-0.973193,0.460012,2.715294,-1.105189,-8.900469
1790544758.2041,-0.082574,-0.026733,-0.440695,-0.085856,-0.029254,-0.440695,-0.706089,-0.757075,0.191687,3.366870,-1.774428,-6.494175
1790544758.2182,-0.072927,-0.012357,-0.443998,-0.076806,-0.017426,-0.443998,-1.222099,-0.785001,-0.005004,1.757095,-1.625708,-8.589979
1790544758.2322,-0.056872,0.008577,-0.452789,-0.062852,0.000776,-0.452789,-1.577843,-1.267015,-0.193196,2.485326,0.307651,-9.715504
1790544758.2463,-0.049474,0.028765,-0.462554,-0.053488,0.020368,-0.462554,-1.558416,-0.792285,-0.400814,5.628221,-0.696209,-8.279490
1790544758.2605,-0.061794,0.024923,-0.473651,-0.059302,0.023557,-0.473651,0.203304,0.956079,-0.604790,1.987063,0.605091,-17.632987
1790544758.2748,-0.057205,0.014403,-0.467055,-0.057834,0.017149,-0.467055,0.783664,-0.026162,-0.803910,-2.497311,2.612811,-12.354665
1790544758.2892,-0.050681,0.018015,-0.447931,-0.052827,0.017755,-0.447931,-0.032240,-0.150004,-0.559867,-3.263871,5.512851,-9.016902
1790544758.3031,-0.053023,0.008074,-0.458411,-0.052964,0.010978,-0.458411,0.663464,0.295586,-0.704350,0.415615,0.605091,-11.694875
1790544758.3170,-0.039325,-0.002715,-0.463100,-0.043417,0.001393,-0.463100,0.736312,-0.801999,-0.828192,-0.695896,0.753811,-10.375294
1790544758.3306,-0.024880,-0.005994,-0.469846,-0.030441,-0.003778,-0.469846,0.370855,-0.865134,-0.976318,-0.542584,2.426911,-6.532986
1790544758.3442,-0.024066,-0.010473,-0.493578,-0.025979,-0.008465,-0.493578,0.368427,-0.063800,-0.896184,1.872079,1.794851,-8.085434
1790544758.3577,-0.018167,-0.014708,-0.503161,-0.020510,-0.012835,-0.503161,0.372070,-0.290845,-0.852475,-0.274288,1.869211,-7.464455
1790544758.3717,-0.004666,-0.018796,-0.504848,-0.009419,-0.017007,-0.504848,0.313791,-0.724293,-0.882829,-2.152360,1.943571,-9.870749
1790544758.3856,-0.004511,-0.023198,-0.513820,-0.005983,-0.021341,-0.513820,0.475272,0.087968,-0.642429,-0.389272,5.735931,-12.665154
1790544758.3994,-0.027765,-0.017006,-0.530401,-0.021230,-0.018307,-0.530401,-0.470545,1.784124,-0.814837,0.683911,1.571771,-12.975644
1790544758.4134,-0.028673,-0.004112,-0.523834,-0.026440,-0.008370,-0.523834,-0.931919,0.452210,-0.627859,-5.946830,1.460231,-11.578441
1790544758.4276,-0.033752,0.004995,-0.526485,-0.031559,0.000986,-0.526485,-0.776509,0.641616,-0.439667,-3.417183,-0.770569,-10.103616
1790544758.4416,-0.036799,0.013854,-0.526665,-0.035227,0.009994,-0.526665,-0.770438,0.559055,-0.244190,-2.842263,-0.510309,-5.407462
1790544758.4555,-0.044352,0.027312,-0.519566,-0.041615,0.022117,-0.519566,-0.839644,0.703538,-0.194410,-1.194160,2.761531,-6.882287
1790544758.4694,-0.048305,0.033772,-0.518572,-0.046298,0.030275,-0.518572,-0.481472,0.470422,-0.204123,-2.612295,2.129471,-13.208511
1790544758.4832,-0.040064,0.030020,-0.523102,-0.041934,0.030097,-0.523102,0.160809,-0.632019,0.139479,0.108991,0.493551,-15.770049
1790544758.4972,-0.043323,0.024990,-0.530547,-0.042906,0.026522,-0.530547,0.257940,-0.086869,0.881320,2.945262,0.679451,-11.617252
1790544758.5115,-0.043000,0.020642,-0.520177,-0.042972,0.022406,-0.520177,0.272510,-0.253206,0.980879,0.760567,1.460231,-8.512357
1790544758.5258,-0.050277,0.016393,-0.502982,-0.048086,0.018197,-0.502982,0.353857,0.571196,0.433301,-0.772552,1.162791,-4.010259
1790544758.5400,-0.064981,0.009270,-0.509614,-0.059912,0.011948,-0.509614,0.487413,0.855305,0.430873,2.676966,1.906391,-11.035084
1790544758.5539,-0.076262,-0.000582,-0.506994,-0.071357,0.003177,-0.506994,0.696246,0.719322,0.441800,1.067191,1.906391,-10.957462
1790544758.5675,-0.092031,-0.006467,-0.502252,-0.085829,-0.003574,-0.502252,0.501983,0.952437,0.730766,2.370342,3.356411,-9.676693
1790544758.5811,-0.099234,-0.012307,-0.486180,-0.095212,-0.009687,-0.486180,0.457060,0.486206,0.744122,-0.274288,2.761531,-9.870749
1790544758.5951,-0.102286,-0.017667,-0.474628,-0.100164,-0.015273,-0.474628,0.379354,0.125606,0.680986,0.645583,2.017931,-8.978091
1790544758.6089,-0.102442,-0.022789,-0.466473,-0.101759,-0.020534,-0.466473,0.357500,-0.040731,0.455156,0.568927,1.757671,-9.676693
1790544758.6230,-0.092601,-0.023177,-0.459226,-0.095348,-0.022384,-0.459226,-0.039525,-0.764360,0.466083,0.722239,1.348691,-13.092077
1790544758.6369,-0.086286,-0.017543,-0.463763,-0.089005,-0.018995,-0.463763,-0.508183,-0.651445,0.443014,3.060246,0.382011,-11.112707
1790544758.6509,-0.080869,-0.011230,-0.472265,-0.083310,-0.013560,-0.472265,-0.594388,-0.611378,0.381093,2.753622,-0.324409,-8.628791
1790544758.6648,-0.071259,-0.004172,-0.476390,-0.074875,-0.006989,-0.476390,-0.598030,-0.845708,0.202614,1.718767,0.344831,-7.658511
1790544758.6787,-0.061343,0.006032,-0.485299,-0.065403,0.002126,-0.485299,-0.769224,-0.903986,0.009566,3.136902,1.088431,-9.133336
1790544758.6927,-0.052057,0.020416,-0.497096,-0.056061,0.014929,-0.497096,-1.087329,-0.876061,-0.205338,4.478381,0.679451,-9.948371
1790544758.7066,-0.051606,0.028963,-0.504626,-0.052942,0.024753,-0.504626,-0.769224,-0.040731,-0.491875,2.715294,-1.142369,-13.907112
1790544758.7204,-0.058667,0.024875,-0.513367,-0.056950,0.024838,-0.513367,0.239728,0.746033,-0.935037,-0.350944,0.567911,-13.441378
1790544758.7344,-0.050383,0.023267,-0.526108,-0.052353,0.023739,-0.526108,0.129241,-0.353980,-1.165724,-0.120976,2.129471,-13.557812
1790544758.7483,-0.045684,0.022141,-0.548621,-0.047685,0.022620,-0.548621,0.153524,-0.317556,-0.925324,1.603783,1.646131,-5.873196
1790544758.7624,-0.042944,0.010982,-0.555456,-0.044366,0.014473,-0.555456,0.748454,-0.072299,-0.660641,0.147319,0.716631,-9.094525
1790544758.7766,-0.027576,0.003829,-0.559354,-0.032613,0.007022,-0.559354,0.518981,-0.848136,-0.954463,-1.194160,1.794851,-9.754315
1790544758.7903,-0.016032,-0.001791,-0.571990,-0.021006,0.000853,-0.571990,0.442490,-0.644160,-1.139013,-0.350944,1.980751,-9.016902
1790544758.8042,-0.014289,-0.005587,-0.592350,-0.016304,-0.003655,-0.592350,0.350215,-0.032232,-1.052809,0.990535,2.649991,-8.628791
1790544758.8178,-0.007870,-0.009874,-0.606221,-0.010400,-0.008008,-0.606221,0.362356,-0.328483,-0.982388,-0.044320,2.612811,-10.258860
1790544758.8318,0.002443,-0.016711,-0.612369,-0.001410,-0.014100,-0.612369,0.504411,-0.555528,-0.834263,-1.232488,1.980751,-9.754315
1790544758.8470,0.005222,-0.021244,-0.619488,0.003233,-0.019101,-0.619488,0.345358,-0.103867,-0.488233,-0.465928,2.575631,-10.103616
1790544758.8618,-0.016982,-0.013500,-0.620261,-0.010917,-0.015180,-0.620261,-0.468117,1.720989,-0.491875,-4.107087,4.769251,-17.050819
1790544758.8765,-0.019826,-0.001189,-0.610894,-0.017154,-0.005386,-0.610894,-0.900351,0.494705,-0.522229,-5.333582,0.642271,-13.907112
1790544758.8910,-0.028773,0.008710,-0.601507,-0.025287,0.004481,-0.601507,-0.821432,0.954865,-0.387459,-2.497311,-0.547489,-5.329839
1790544758.9064,-0.037694,0.021967,-0.596998,-0.033972,0.016721,-0.596998,-0.897923,0.766673,-0.149487,-1.462456,0.642271,-5.795574
1790544758.9202,-0.045344,0.032737,-0.592892,-0.041933,0.027933,-0.592892,-0.867569,0.783671,-0.069354,-2.458983,0.233291,-7.697322
1790544758.9341,-0.036311,0.028123,-0.589578,-0.037997,0.028066,-0.589578,0.225158,-0.522746,-0.023216,-4.260399,0.270471,-20.310959
1790544758.9483,-0.035894,0.026609,-0.587645,-0.036525,0.027046,-0.587645,0.058821,-0.264134,0.764762,2.025391,1.906391,-14.062357
1790544758.9622,-0.044337,0.024569,-0.590569,-0.041993,0.025312,-0.590569,0.077033,0.261590,1.031873,3.060246,1.274331,-11.733686
1790544758.9763,-0.043748,0.022320,-0.560262,-0.043222,0.023218,-0.560262,0.238514,0.045473,0.708911,-1.079176,1.051251,-3.001168
1790544758.9901,-0.050375,0.014256,-0.566620,-0.048229,0.016945,-0.566620,0.540835,0.267661,0.491580,1.565455,0.939711,-6.921098
1790544759.0041,-0.063510,0.003321,-0.571447,-0.058926,0.007408,-0.571447,0.786092,0.739962,0.491580,2.791950,2.278191,-11.229140
1790544759.0183,-0.080762,-0.006602,-0.568787,-0.074211,-0.002399,-0.568787,0.698674,1.048354,0.684629,1.488799,1.757671,-8.551168
1790544759.0324,-0.089805,-0.014170,-0.552856,-0.085127,-0.010639,-0.552856,0.608827,0.586980,0.716196,-0.082648,2.947431,-8.512357
1790544759.0462,-0.096302,-0.019259,-0.541122,-0.092949,-0.016673,-0.541122,0.413350,0.361150,0.727124,0.913879,3.096151,-10.220049
1790544759.0602,-0.101671,-0.025594,-0.529329,-0.099054,-0.022918,-0.529329,0.497126,0.285873,0.680986,0.798895,2.761531,-9.055714
1790544759.0743,-0.090340,-0.031245,-0.516528,-0.092954,-0.028747,-0.516528,0.279795,-0.823853,0.680986,-0.964192,0.344831,-13.208511
1790544759.0882,-0.081644,-0.029615,-0.509795,-0.085037,-0.029354,-0.509795,-0.210719,-0.702439,0.548645,0.645583,0.605091,-12.121798
1790544759.1022,-0.079559,-0.024584,-0.517379,-0.081202,-0.026015,-0.517379,-0.527610,-0.367336,0.525576,2.983590,-0.919289,-10.414105
1790544759.1162,-0.074536,-0.019050,-0.527143,-0.076536,-0.021139,-0.527143,-0.581032,-0.593166,0.356810,2.868606,-1.105189,-8.473546
1790544759.1301,-0.065494,-0.005248,-0.534929,-0.068806,-0.010015,-0.534929,-0.992626,-0.871205,0.143121,3.251886,1.608951,-8.822846
1790544759.1441,-0.059949,0.008234,-0.545354,-0.062606,0.002759,-0.545354,-1.046048,-0.689083,-0.043857,5.474909,0.196111,-9.521448
1790544759.1580,-0.050219,0.024861,-0.554422,-0.053935,0.018230,-0.554422,-1.219671,-0.901558,-0.160414,3.520182,1.199971,-8.628791
1790544759.1720,-0.053755,0.027886,-0.551523,-0.053809,0.024989,-0.551523,-0.407410,0.168101,-0.182269,2.983590,-1.737248,-12.005364
1790544759.1859,-0.062039,0.024726,-0.548560,-0.059570,0.024805,-0.548560,0.254298,0.900229,-0.755344,-2.114032,2.129471,-11.345574
1790544759.1998,-0.046304,0.021611,-0.539005,-0.050283,0.022569,-0.539005,0.238514,-0.774073,-0.956891,-3.915447,2.352551,-13.751868
1790544759.2137,-0.045293,0.017974,-0.556659,-0.046790,0.019353,-0.556659,0.259154,-0.046802,-0.694637,2.102047,1.757671,-11.423196
1790544759.2277,-0.039731,0.006775,-0.557423,-0.041849,0.010548,-0.557423,0.756953,-0.227709,-0.609647,-0.849208,0.865351,-10.336483
1790544759.2415,-0.020509,-0.004326,-0.552502,-0.026911,0.000136,-0.552502,0.792163,-1.086108,-0.938679,-2.573967,1.385871,-10.103616
1790544759.2556,-0.012324,-0.012209,-0.572874,-0.016700,-0.008505,-0.572874,0.637967,-0.500891,-1.029740,0.760567,2.129471,-7.115154
1790544759.2694,-0.006677,-0.016030,-0.587673,-0.009684,-0.013773,-0.587673,0.403637,-0.284774,-0.950821,0.032335,2.947431,-7.503266
1790544759.2836,0.000747,-0.021640,-0.599444,-0.002382,-0.019280,-0.599444,0.390282,-0.362479,-0.978746,-0.504256,1.571771,-9.210958
1790544759.2976,0.010160,-0.027855,-0.604668,0.006397,-0.025282,-0.604668,0.449775,-0.470538,-0.879186,-1.845736,2.017931,-10.841028
1790544759.3116,-0.003531,-0.031613,-0.619979,-0.000553,-0.029714,-0.619979,0.226373,1.043497,-0.740774,0.875551,1.757671,-17.167252
1790544759.3257,-0.012539,-0.017951,-0.624130,-0.008943,-0.021480,-0.624130,-0.863927,0.828594,-0.598720,-2.114032,4.285911,-11.888930
1790544759.3397,-0.011682,-0.007007,-0.620978,-0.010860,-0.011349,-0.620978,-0.962273,0.230022,-0.626645,-2.842263,-1.291089,-8.473546
1790544759.3535,-0.013711,0.002358,-0.613493,-0.012856,-0.001754,-0.613493,-0.837216,0.552984,-0.427526,-2.458983,-0.584669,-3.893825
1790544759.3675,-0.023853,0.009367,-0.613649,-0.020554,0.006031,-0.613649,-0.573747,0.946366,-0.363176,-1.845736,0.419191,-7.930189
1790544759.3815,-0.035016,0.018686,-0.616647,-0.030678,0.014890,-0.616647,-0.678163,0.891730,-0.233263,-0.542584,1.906391,-11.811308
1790544759.3954,-0.025578,0.013057,-0.614540,-0.027108,0.013607,-0.614540,0.276152,-0.480251,-0.165271,-6.138470,-0.956469,-20.970749
1790544759.4094,-0.027630,0.015568,-0.629079,-0.027474,0.014979,-0.629079,-0.162153,-0.199784,0.707697,4.440053,2.835891,-12.315854
1790544759.4234,-0.025511,0.007503,-0.627178,-0.026100,0.009746,-0.627178,0.402423,-0.282346,0.673701,0.032335,-1.030829,-9.443825
1790544759.4374,-0.033616,-0.003774,-0.609820,-0.031361,0.000282,-0.609820,0.685318,0.702324,0.469725,-1.424128,-0.250049,-4.747672
1790544759.4514,-0.043681,-0.010713,-0.591818,-0.039985,-0.007415,-0.591818,0.538407,0.833451,0.324028,-2.229015,2.241011,-10.103616
1790544759.4653,-0.058807,-0.019850,-0.592779,-0.053161,-0.016119,-0.592779,0.642823,0.960936,0.502507,1.412143,1.683311,-11.306763
1790544759.4789,-0.074227,-0.028780,-0.587929,-0.067907,-0.024982,-0.587929,0.691389,0.998574,0.682200,1.412143,2.538451,-10.724595
1790544759.4926,-0.084011,-0.034454,-0.575560,-0.079180,-0.031612,-0.575560,0.493484,0.591837,0.833968,0.990535,3.319231,-9.870749
1790544759.5062,-0.086928,-0.037505,-0.558525,-0.084604,-0.035737,-0.558525,0.232443,0.154745,0.841253,-0.044320,1.906391,-8.551168
1790544759.5203,-0.082746,-0.041134,-0.539378,-0.083304,-0.039515,-0.539378,0.291936,-0.322412,0.739265,-0.465928,2.501271,-9.521448
1790544759.5349,-0.072942,-0.041417,-0.530925,-0.076051,-0.040846,-0.530925,-0.044381,-0.772859,0.657917,0.952207,1.125611,-12.859210
1790544759.5494,-0.068375,-0.037420,-0.546512,-0.070678,-0.038448,-0.546512,-0.408624,-0.571312,0.580212,3.826806,-0.473129,-11.345574
1790544759.5634,-0.063835,-0.031732,-0.562010,-0.065888,-0.033747,-0.562010,-0.571319,-0.602879,0.580212,3.175230,-0.882109,-8.939280
1790544759.5776,-0.063280,-0.023283,-0.578796,-0.064062,-0.026422,-0.578796,-0.749798,-0.353980,0.470940,3.788478,-0.882109,-8.201867
1790544759.5918,-0.054989,-0.012073,-0.585905,-0.057711,-0.016378,-0.585905,-0.878497,-0.793500,0.286390,2.408670,0.270471,-8.512357
1790544759.6058,-0.048592,0.000160,-0.597285,-0.051328,-0.004801,-0.597285,-0.962273,-0.695154,0.055703,3.826806,0.121751,-9.637881
1790544759.6199,-0.039066,0.018869,-0.609995,-0.042745,0.011768,-0.609995,-1.318016,-0.899130,-0.126418,3.596838,1.683311,-8.512357
1790544759.6341,-0.047625,0.027877,-0.623476,-0.046161,0.023044,-0.623476,-0.681806,0.477707,-0.308540,4.516709,1.125611,-12.820399
1790544759.6482,-0.051251,0.022568,-0.639552,-0.049724,0.022711,-0.639552,0.334431,0.395146,-1.006671,2.217030,1.162791,-17.089630
1790544759.6620,-0.031320,0.015302,-0.634669,-0.036841,0.017524,-0.634669,0.722957,-1.148029,-1.069807,-1.347472,3.728211,-6.998721
1790544759.6760,-0.043821,0.010600,-0.653179,-0.041727,0.012677,-0.653179,0.442490,0.704752,-0.670354,3.903462,2.203831,-5.834385
1790544759.6899,-0.035582,0.006124,-0.651593,-0.037425,0.008090,-0.651593,0.284651,-0.381905,-0.755344,-1.117504,0.939711,-9.637881
1790544759.7039,-0.024052,-0.001301,-0.664718,-0.028064,0.001517,-0.664718,0.580902,-0.696368,-0.888900,0.185647,2.649991,-10.996273
1790544759.7175,-0.021482,-0.010129,-0.684387,-0.023457,-0.006636,-0.684387,0.636753,-0.103867,-1.112302,1.297159,1.237151,-9.094525
1790544759.7312,-0.007311,-0.013522,-0.689107,-0.012155,-0.011456,-0.689107,0.330789,-0.755861,-1.131728,-1.347472,1.980751,-6.300119
1790544759.7452,-0.001947,-0.019339,-0.707199,-0.005009,-0.016974,-0.707199,0.444918,-0.288416,-0.995744,0.492271,1.869211,-8.318301
1790544759.7593,0.003366,-0.025966,-0.719865,0.000853,-0.023269,-0.719865,0.552977,-0.205855,-0.944750,-0.849208,2.873071,-8.861658
1790544759.7733,-0.007370,-0.026263,-0.732064,-0.004903,-0.025365,-0.732064,0.089174,0.908728,-0.727419,-1.040848,4.174371,-14.489280
1790544759.7875,-0.024030,-0.015683,-0.728531,-0.018292,-0.018588,-0.728531,-0.717016,1.456306,-0.637572,-5.601878,3.802571,-17.904665
1790544759.8015,-0.028160,-0.001037,-0.715106,-0.025199,-0.006302,-0.715106,-1.063046,0.635546,-0.551368,-4.950302,1.608951,-11.811308
1790544759.8162,-0.024437,0.006094,-0.682198,-0.024666,0.002375,-0.682198,-0.618670,0.171743,-0.289113,-4.145415,-0.659029,-5.329839
1790544759.8303,-0.030563,0.022311,-0.696732,-0.028794,0.016331,-0.696732,-0.689091,0.559055,-0.338893,-0.465928,4.100011,-2.341378
1790544759.8443,-0.033598,0.025825,-0.701205,-0.032157,0.022976,-0.701205,-0.258070,0.307727,-0.325538,-0.350944,2.129471,-12.160609
1790544759.8584,-0.025733,0.020876,-0.700784,-0.027660,0.021506,-0.700784,0.358714,-0.598023,-0.007432,0.798895,3.096151,-15.381938
1790544759.8726,-0.026405,0.017792,-0.692063,-0.026781,0.018906,-0.692063,0.165665,-0.046802,0.595996,-0.350944,1.497411,-14.955014
1790544759.8866,-0.031911,0.013241,-0.685195,-0.030372,0.014941,-0.685195,0.250655,0.135319,0.860679,1.488799,0.530731,-8.279490
1790544759.9005,-0.031078,0.003657,-0.670648,-0.030866,0.007042,-0.670648,0.515338,-0.022519,0.638491,-1.500784,-0.770569,-6.261308
1790544759.9144,-0.046031,-0.002932,-0.669987,-0.041482,0.000060,-0.669987,0.532336,0.871089,0.595996,0.722239,0.939711,-3.311658
1790544759.9285,-0.064097,-0.013336,-0.666274,-0.057312,-0.009317,-0.666274,0.722957,1.146700,0.633635,1.335487,1.497411,-10.142427
1790544759.9421,-0.079277,-0.023225,-0.657103,-0.072688,-0.019052,-0.657103,0.712029,1.015572,0.812114,0.492271,1.757671,-10.336483
1790544759.9557,-0.091245,-0.029677,-0.645804,-0.085678,-0.026490,-0.645804,0.491056,0.795812,0.850966,0.223975,2.352551,-9.637881
1790544759.9698,-0.095117,-0.032882,-0.630590,-0.092285,-0.030964,-0.630590,0.210589,0.249449,0.861893,-0.695896,1.980751,-9.754315
1790544759.9838,-0.086069,-0.034933,-0.615403,-0.087934,-0.033742,-0.615403,0.033324,-0.668443,0.798758,-0.925864,0.493551,-11.462007
1790544759.9978,-0.079848,-0.032160,-0.606651,-0.082273,-0.032634,-0.606651,-0.256856,-0.554314,0.636063,1.182175,1.348691,-12.665154
1790544760.0117,-0.073980,-0.027124,-0.603287,-0.076468,-0.028777,-0.603287,-0.548250,-0.622305,0.648204,2.178703,-1.068009,-9.793126
1790544760.0265,-0.067202,-0.019980,-0.600262,-0.069982,-0.022619,-0.600262,-0.615028,-0.698796,0.650633,2.332014,-0.287229,-7.813756
1790544760.0404,-0.062215,-0.011987,-0.601690,-0.064545,-0.015177,-0.601690,-0.735228,-0.662372,0.498865,3.328542,-0.696209,-7.930189
1790544760.0543,-0.052893,-0.000206,-0.603225,-0.056389,-0.004698,-0.603225,-0.908850,-0.906415,0.319172,3.443526,0.828171,-10.530539
1790544760.0683,-0.042097,0.015970,-0.609578,-0.046385,0.009770,-0.609578,-1.197816,-1.042399,0.016850,4.516709,1.014071,-9.521448
1790544760.0825,-0.034599,0.030926,-0.614799,-0.038135,0.024579,-0.614799,-1.110398,-0.624734,-0.229620,3.405198,1.423051,-14.877392
1790544760.0965,-0.044377,0.027282,-0.617053,-0.042505,0.026471,-0.617053,0.209375,0.891730,-0.565938,-1.347472,1.534591,-16.585084
1790544760.1105,-0.032935,0.023602,-0.622388,-0.035806,0.024462,-0.622388,0.310148,-0.423186,-1.308993,-3.225543,3.170511,-13.014455
1790544760.1243,-0.030581,0.023531,-0.625075,-0.032149,0.023810,-0.625075,0.192377,0.202097,-0.953249,-1.845736,2.873071,-5.252217
1790544760.1384,-0.031080,0.016835,-0.629804,-0.031401,0.018928,-0.629804,0.410922,0.164459,-0.541655,-0.274288,0.567911,-8.745224
1790544760.1525,-0.016822,0.008288,-0.630512,-0.021196,0.011480,-0.630512,0.525051,-0.755861,-0.825764,-1.922392,0.382011,-9.831937
1790544760.1664,-0.005001,-0.003812,-0.636577,-0.009859,0.000776,-0.636577,0.855298,-0.595594,-0.990887,-1.500784,1.274331,-8.395923
1790544760.1799,0.001228,-0.010119,-0.654346,-0.002098,-0.006850,-0.654346,0.573617,-0.328483,-1.090447,0.223975,2.612811,-6.882287
1790544760.1935,0.008355,-0.011226,-0.669568,0.005219,-0.009914,-0.669568,0.175379,-0.360051,-1.072235,-0.235960,2.203831,-6.028441
1790544760.2075,0.015199,-0.016704,-0.683502,0.012205,-0.014667,-0.683502,0.385425,-0.353980,-1.003029,-0.197632,1.794851,-9.327392
1790544760.2215,0.022740,-0.026008,-0.693559,0.019580,-0.022606,-0.693559,0.684104,-0.343053,-0.926538,-1.462456,2.241011,-9.327392
1790544760.2355,0.013940,-0.026910,-0.704110,0.015632,-0.025619,-0.704110,0.081890,0.775172,-0.722562,-1.424128,3.319231,-14.683336
1790544760.2494,0.000864,-0.015786,-0.712678,0.005294,-0.018736,-0.712678,-0.826289,1.051996,-0.542869,-0.887536,1.906391,-13.790679
1790544760.2633,-0.001715,-0.002493,-0.712001,0.000388,-0.007366,-0.712001,-1.056976,0.448568,-0.406885,-3.455511,-0.026969,-9.715504
1790544760.2773,-0.000831,0.006237,-0.710279,-0.000465,0.002156,-0.710279,-0.803220,0.318655,-0.300041,-4.988630,-1.365448,-7.386832
1790544760.2916,-0.005901,0.022421,-0.705477,-0.004270,0.016342,-0.705477,-0.952559,0.622190,-0.222336,-2.382327,2.947431,-5.058161
1790544760.3057,-0.015478,0.031635,-0.710254,-0.012116,0.027047,-0.710254,-0.720658,0.824952,-0.217479,-1.040848,0.605091,-6.649420
1790544760.3198,-0.014708,0.029201,-0.712800,-0.013931,0.028555,-0.712800,0.056393,0.155960,-0.077853,-4.643678,-0.138509,-13.402567
1790544760.3337,-0.015037,0.028531,-0.713512,-0.014705,0.028538,-0.713512,0.006613,-0.197356,0.554715,2.332014,1.683311,-13.713056
1790544760.3476,-0.017504,0.022035,-0.709500,-0.016665,0.023986,-0.709500,0.381783,-0.020091,0.791473,0.952207,0.567911,-14.334035
1790544760.3615,-0.023085,0.012680,-0.707849,-0.021159,0.016072,-0.707849,0.550548,0.277374,0.611780,0.185647,-0.175689,-9.676693
1790544760.3754,-0.031238,0.006775,-0.699877,-0.028214,0.009564,-0.699877,0.478914,0.528701,0.475796,-0.082648,1.720491,-6.494175
1790544760.3896,-0.042197,-0.004385,-0.696981,-0.038002,-0.000201,-0.696981,0.790949,0.605192,0.594782,1.488799,1.943571,-10.297672
1790544760.4036,-0.059101,-0.013776,-0.690166,-0.052771,-0.009704,-0.690166,0.718100,1.038641,0.774475,1.297159,2.352551,-8.939280
1790544760.4173,-0.076541,-0.019634,-0.679479,-0.069410,-0.016655,-0.679479,0.498340,1.117560,0.886176,1.182175,3.170511,-9.793126
1790544760.4314,-0.082928,-0.026793,-0.663506,-0.078872,-0.023752,-0.663506,0.546906,0.361150,0.916530,0.070663,2.724351,-9.405014
1790544760.4454,-0.083731,-0.034221,-0.650214,-0.082273,-0.031080,-0.650214,0.521409,-0.041946,0.826683,0.492271,2.315371,-11.500819
1790544760.4593,-0.073297,-0.036281,-0.639198,-0.075990,-0.034721,-0.639198,0.073391,-0.859063,0.757477,0.837223,1.274331,-14.683336
1790544760.4733,-0.065697,-0.030361,-0.634388,-0.068785,-0.031669,-0.634388,-0.506969,-0.718223,0.633635,2.025391,0.567911,-10.996273
1790544760.4873,-0.061745,-0.023492,-0.636311,-0.063857,-0.025945,-0.636311,-0.670878,-0.562813,0.690699,2.983590,-1.068009,-8.628791
1790544760.5013,-0.060872,-0.017432,-0.641541,-0.061767,-0.019986,-0.641541,-0.645381,-0.392833,0.518291,3.366870,-1.439808,-6.843476
1790544760.5152,-0.050693,-0.005264,-0.639353,-0.054015,-0.009681,-0.639353,-0.903994,-0.920984,0.432087,1.642111,1.125611,-7.774944
1790544760.5294,-0.043050,0.009452,-0.644042,-0.046340,0.003712,-0.644042,-1.080044,-0.809283,0.161333,4.248414,0.976891,-9.599070
1790544760.5439,-0.034039,0.026968,-0.649013,-0.037730,0.019991,-0.649013,-1.240311,-0.880918,-0.015931,4.171758,1.125611,-8.706413
1790544760.5582,-0.046882,0.028035,-0.655662,-0.044137,0.025622,-0.655662,-0.196149,0.820095,-0.323109,4.440053,-0.510309,-14.489280
1790544760.5720,-0.041336,0.019710,-0.642652,-0.042177,0.021483,-0.642652,0.580902,0.006620,-0.852475,-6.751717,2.166651,-17.400119
1790544760.5859,-0.028850,0.012167,-0.656021,-0.032848,0.014962,-0.656021,0.623397,-0.848136,-0.722562,1.105519,2.984611,-9.754315
1790544760.5999,-0.035992,0.009957,-0.675936,-0.035049,0.011459,-0.675936,0.227587,0.398788,-0.535584,3.136902,2.315371,-8.007811
1790544760.6137,-0.022622,0.002678,-0.666666,-0.026350,0.005312,-0.666666,0.493484,-0.663586,-0.655784,-3.493839,1.237151,-10.724595
1790544760.6276,-0.006193,-0.009338,-0.674798,-0.012240,-0.004943,-0.674798,0.872296,-0.991405,-0.943536,-1.040848,1.980751,-10.724595
1790544760.6413,0.000098,-0.017746,-0.694179,-0.003603,-0.013905,-0.694179,0.661035,-0.414687,-0.999386,1.105519,2.017931,-7.930189
1790544760.6551,0.006470,-0.022217,-0.709938,0.003448,-0.019724,-0.709938,0.338074,-0.377049,-0.955677,0.415615,1.757671,-8.628791
1790544760.6692,0.015779,-0.027439,-0.719430,0.012079,-0.025124,-0.719430,0.374498,-0.481465,-0.901041,-0.964192,1.385871,-7.115154
1790544760.6832,0.024783,-0.035346,-0.729125,0.020972,-0.032279,-0.729125,0.624611,-0.500891,-0.758986,-1.079176,2.501271,-8.628791
1790544760.6972,0.004624,-0.039397,-0.745149,0.009529,-0.037261,-0.745149,0.274938,1.441736,-0.675211,1.987063,2.166651,-14.139979
1790544760.7111,0.007665,-0.026807,-0.735252,0.008224,-0.029943,-0.735252,-0.919778,0.148675,-0.618146,-9.051396,2.389731,-16.274595
1790544760.7251,-0.000184,-0.014711,-0.736527,0.002338,-0.019281,-0.736527,-0.925848,0.764245,-0.461522,-2.727279,0.902531,-11.694875
1790544760.7389,0.000376,-0.004748,-0.729039,0.000965,-0.009108,-0.729039,-0.809291,0.194812,-0.176198,-2.037376,0.047391,-5.446273
1790544760.7529,-0.003573,0.012237,-0.729566,-0.002211,0.005834,-0.729566,-0.976842,0.516560,-0.307325,-1.807408,3.319231,-4.631238
1790544760.7668,-0.012758,0.022197,-0.730752,-0.009594,0.017288,-0.730752,-0.827503,0.931796,-0.213837,-2.343999,-0.026969,-5.989630
1790544760.7807,-0.009276,0.024689,-0.731905,-0.009371,0.022469,-0.731905,-0.299351,-0.074727,-0.201695,-4.643678,-0.250049,-18.797322
1790544760.7953,-0.009023,0.023461,-0.729532,-0.009127,0.023163,-0.729532,0.034538,-0.234994,0.608138,2.523654,1.460231,-16.468651
1790544760.8094,-0.016921,0.016976,-0.729823,-0.014583,0.018832,-0.729823,0.379354,0.268875,0.773261,2.715294,0.344831,-10.918651
1790544760.8235,-0.023623,0.009149,-0.728826,-0.020911,0.012054,-0.728826,0.532336,0.215453,0.677344,1.565455,0.865351,-6.494175
1790544760.8374,-0.034509,0.003510,-0.729915,-0.030430,0.006073,-0.729915,0.571189,0.549342,0.496437,1.373815,2.203831,-4.475993
1790544760.8514,-0.044445,-0.006565,-0.724556,-0.040241,-0.002774,-0.724556,0.759381,0.569982,0.627564,0.913879,2.278191,-9.327392
1790544760.8650,-0.061967,-0.014654,-0.719517,-0.055449,-0.011090,-0.719517,0.635538,1.072637,0.819398,1.948735,2.426911,-9.443825
1790544760.8785,-0.075206,-0.022179,-0.711066,-0.069279,-0.018852,-0.711066,0.631896,0.810382,0.914101,1.335487,3.319231,-10.025993
1790544760.8925,-0.081150,-0.027605,-0.698649,-0.077588,-0.024979,-0.698649,0.407280,0.317440,0.939598,0.262303,2.575631,-10.064805
1790544760.9065,-0.086169,-0.033251,-0.687546,-0.083595,-0.030769,-0.687546,0.393924,0.220309,0.897103,0.875551,1.832031,-8.900469
1790544760.9203,-0.077232,-0.034992,-0.676801,-0.079141,-0.033725,-0.676801,0.152310,-0.754647,0.735623,0.875551,3.505131,-13.519000
1790544760.9361,-0.065667,-0.031864,-0.667357,-0.069710,-0.032422,-0.667357,-0.282353,-0.891845,0.506150,2.293686,0.344831,-11.306763
1790544760.9508,-0.056842,-0.024399,-0.657416,-0.060702,-0.026806,-0.657416,-0.606529,-0.845708,0.586283,2.983590,0.084571,-9.366203
1790544760.9652,-0.056214,-0.016638,-0.645325,-0.057560,-0.019688,-0.645325,-0.720658,-0.370978,0.472154,4.095102,-1.328269,-7.697322
1790544760.9797,-0.044071,-0.002718,-0.642389,-0.048118,-0.007809,-0.642389,-1.004768,-1.008403,0.203828,2.025391,0.753811,-8.085434
1790544760.9952,-0.037152,0.015371,-0.643072,-0.040442,0.008417,-0.643072,-1.218457,-0.676942,0.019279,4.325070,0.790991,-9.676693
1790544761.0090,-0.027304,0.032973,-0.647253,-0.031245,0.025606,-0.647253,-1.290091,-0.900344,-0.166485,3.558510,1.720491,-10.064805
1790544761.0228,-0.042264,0.034103,-0.644456,-0.038958,0.031554,-0.644456,-0.275068,0.987647,-0.474877,5.934845,-2.071868,-14.605714
1790544761.0370,-0.033276,0.027014,-0.626849,-0.034981,0.028376,-0.626849,0.491056,-0.028590,-0.955677,-8.591461,1.683311,-9.521448
1790544761.0514,-0.030473,0.027268,-0.654462,-0.031825,0.027601,-0.654462,0.112243,-0.153647,-0.920467,1.373815,2.315371,-5.601518
1790544761.0654,-0.032104,0.025122,-0.670804,-0.032020,0.025866,-0.670804,0.209375,0.250663,-0.837906,0.530599,2.464091,-9.055714
1790544761.0794,-0.019057,0.017968,-0.677569,-0.022946,0.020337,-0.677569,0.470415,-0.738863,-0.914397,-0.657568,1.385871,-11.656063
1790544761.0930,-0.007249,0.009431,-0.689346,-0.011958,0.012703,-0.689346,0.641609,-0.594380,-1.124443,-1.347472,1.906391,-8.822846
1790544761.1066,-0.000798,0.003101,-0.709607,-0.004146,0.005981,-0.709607,0.529908,-0.328483,-1.105017,0.262303,2.055111,-6.649420
1790544761.1207,0.006284,0.000277,-0.728190,0.003155,0.001988,-0.728190,0.265225,-0.349124,-1.009100,-0.159304,2.761531,-8.706413
1790544761.1347,0.013986,-0.005850,-0.739194,0.010736,-0.003499,-0.739194,0.425492,-0.304200,-0.970247,-1.884064,1.832031,-9.599070
1790544761.1486,0.021697,-0.012664,-0.749709,0.018409,-0.009914,-0.749709,0.491056,-0.329697,-0.871902,-2.075704,2.129471,-10.103616
1790544761.1625,0.004889,-0.015265,-0.761718,0.008945,-0.013660,-0.761718,0.200876,1.315465,-0.546511,-0.734224,3.058971,-13.907112
1790544761.1765,-0.013556,-0.011466,-0.772651,-0.006806,-0.012124,-0.772651,-0.254428,1.536439,-0.607219,-3.378855,3.876931,-18.253966
1790544761.1904,-0.016656,0.000272,-0.774821,-0.013701,-0.003447,-0.774821,-0.877283,0.535986,-0.533156,-5.410238,1.608951,-13.674245
1790544761.2043,-0.017411,0.008221,-0.766707,-0.016298,0.004720,-0.766707,-0.765582,0.390289,-0.241762,-3.302199,-1.179549,-6.028441
1790544761.2182,-0.026107,0.023934,-0.766134,-0.023164,0.018170,-0.766134,-1.101899,0.767887,-0.001362,-0.964192,1.125611,-4.514804
1790544761.2322,-0.019684,0.024762,-0.763214,-0.020728,0.022784,-0.763214,-0.094161,-0.307843,-0.082709,-2.957247,1.608951,-12.238231
1790544761.2460,-0.023672,0.022515,-0.759062,-0.022789,0.022596,-0.759062,0.138954,0.001764,0.708911,3.366870,1.906391,-13.014455
1790544761.2600,-0.029053,0.014859,-0.748480,-0.027174,0.017180,-0.748480,0.469201,0.223952,0.810899,0.415615,0.642271,-12.121798
1790544761.2739,-0.031598,0.011664,-0.739606,-0.030271,0.013319,-0.739606,0.236086,0.005406,0.763548,0.645583,1.646131,-8.240679
1790544761.2880,-0.042771,0.006081,-0.733729,-0.039021,0.008252,-0.733729,0.359928,0.665899,0.592354,0.568927,0.976891,-7.813756
1790544761.3025,-0.054607,-0.003337,-0.728682,-0.049931,0.000139,-0.728682,0.647680,0.593051,0.761120,2.370342,1.906391,-10.530539
1790544761.3164,-0.068318,-0.010581,-0.721975,-0.062802,-0.007365,-0.721975,0.557833,0.838307,0.790259,0.798895,2.129471,-8.046623
1790544761.3300,-0.079346,-0.015826,-0.712267,-0.074382,-0.013288,-0.712267,0.421849,0.687754,0.922600,0.377287,2.724351,-9.599070
1790544761.3436,-0.084046,-0.020107,-0.700679,-0.081147,-0.018061,-0.700679,0.321076,0.271303,0.884962,-0.235960,2.426911,-10.142427
1790544761.3575,-0.087872,-0.024522,-0.688741,-0.085854,-0.022584,-0.688741,0.265225,0.186313,0.846110,0.185647,1.385871,-9.987182
1790544761.3714,-0.089426,-0.027777,-0.678966,-0.088354,-0.026219,-0.678966,0.233657,0.052758,0.701627,0.032335,1.794851,-8.279490
1790544761.3854,-0.085427,-0.028562,-0.671243,-0.086305,-0.027859,-0.671243,0.092817,-0.333340,0.538932,0.147319,2.835891,-10.685784
1790544761.3994,-0.075453,-0.023550,-0.662837,-0.078709,-0.024843,-0.662837,-0.379484,-0.743720,0.462441,-0.159304,2.315371,-14.411658
1790544761.4133,-0.061059,-0.018093,-0.656332,-0.066354,-0.020118,-0.656332,-0.464474,-1.199023,0.383521,3.021918,1.014071,-15.032637
1790544761.4275,-0.060493,-0.007410,-0.656709,-0.062252,-0.011222,-0.656709,-0.832359,-0.333340,0.207471,5.474909,0.307651,-10.491728
1790544761.4415,-0.054421,0.004126,-0.657535,-0.056770,-0.000478,-0.657535,-0.931919,-0.651445,-0.086352,3.213558,-0.250049,-7.309210
1790544761.4556,-0.046255,0.017702,-0.663011,-0.049410,0.012248,-0.663011,-1.020551,-0.798356,-0.276972,3.175230,0.493551,-6.494175
1790544761.4694,-0.046662,0.030419,-0.673846,-0.047487,0.024968,-0.673846,-0.816576,-0.118437,-0.154344,2.485326,2.724351,-7.270399
1790544761.4834,-0.061082,0.024906,-0.680279,-0.057003,0.024925,-0.680279,0.330789,1.002217,-0.513730,4.325070,0.679451,-14.566903
1790544761.4974,-0.055903,0.023714,-0.692016,-0.056233,0.024077,-0.692016,0.134098,-0.088083,-1.000601,-1.615768,2.835891,-13.014455
1790544761.5114,-0.047079,0.024517,-0.703701,-0.049825,0.024385,-0.703701,0.033324,-0.345481,-0.892542,-1.615768,2.612811,-8.395923
1790544761.5254,-0.050015,0.019566,-0.714103,-0.049958,0.021012,-0.714103,0.310148,0.276160,-0.864617,1.488799,0.567911,-7.542077
1790544761.5396,-0.037401,0.011509,-0.720317,-0.041168,0.014360,-0.720317,0.546906,-0.593166,-0.972675,-1.500784,0.865351,-7.386832
1790544761.5544,-0.028449,0.004433,-0.737846,-0.032265,0.007411,-0.737846,0.520195,-0.432899,-1.143869,0.300631,1.980751,-8.900469
1790544761.5684,-0.022584,0.000539,-0.757044,-0.025488,0.002601,-0.757044,0.338074,-0.277489,-1.142655,0.722239,2.426911,-9.172147
1790544761.5826,-0.018677,-0.000521,-0.775013,-0.020720,0.000416,-0.775013,0.118314,-0.101439,-1.106231,0.070663,2.166651,-8.861658
1790544761.5968,-0.010229,-0.005087,-0.788749,-0.013377,-0.003436,-0.788749,0.334431,-0.403760,-1.006671,-0.695896,1.906391,-9.754315
1790544761.6108,-0.002922,-0.010282,-0.803098,-0.006058,-0.008228,-0.803098,0.410922,-0.343053,-0.924110,-0.810880,2.389731,-9.637881
1790544761.6251,-0.004128,-0.012937,-0.818259,-0.004707,-0.011524,-0.818259,0.316219,0.164459,-0.580507,-0.005993,3.467951,-8.473546
1790544761.6393,-0.019080,-0.009917,-0.828402,-0.014768,-0.010399,-0.828402,-0.265355,1.149128,-0.717705,0.722239,1.385871,-16.002917
1790544761.6533,-0.025599,0.002067,-0.833361,-0.022350,-0.001673,-0.833361,-0.843287,0.752103,-0.412956,-4.145415,2.241011,-11.267951
1790544761.6673,-0.029836,0.014302,-0.832641,-0.027590,0.009510,-0.832641,-0.939204,0.542057,-0.251475,-2.573967,0.493551,-8.046623
1790544761.6815,-0.030475,0.026594,-0.821100,-0.029609,0.021469,-0.821100,-0.980485,0.369649,0.107911,-2.612295,-0.138509,-3.893825
1790544761.6956,-0.027146,0.018573,-0.812478,-0.027885,0.019442,-0.812478,0.464344,-0.324841,0.453942,0.032335,0.233291,-13.014455
1790544761.7096,-0.038012,0.014280,-0.800983,-0.034974,0.015828,-0.800983,0.243371,0.447354,1.052514,3.635166,1.125611,-13.480189
1790544761.7236,-0.036578,0.008339,-0.779952,-0.036097,0.010586,-0.779952,0.352643,-0.165788,1.189712,-2.497311,0.902531,-10.491728
1790544761.7378,-0.034707,0.004165,-0.762908,-0.035124,0.006091,-0.762908,0.192377,-0.174287,0.922600,-1.845736,0.196111,-9.831937
1790544761.7519,-0.047687,-0.002301,-0.755731,-0.043918,0.000217,-0.755731,0.357500,0.622190,0.940813,2.715294,0.084571,-9.405014
1790544761.7658,-0.062214,-0.010378,-0.744534,-0.056725,-0.007200,-0.744534,0.577260,0.843164,1.062227,0.875551,1.757671,-8.512357
1790544761.7795,-0.070403,-0.016755,-0.731485,-0.066300,-0.013888,-0.731485,0.548120,0.520202,1.029445,-0.465928,2.389731,-6.571797
1790544761.7934,-0.080615,-0.022047,-0.718648,-0.076320,-0.019599,-0.718648,0.351429,0.579695,1.048871,0.913879,2.278191,-12.626343
1790544761.8074,-0.085758,-0.026140,-0.705377,-0.082927,-0.024178,-0.705377,0.267653,0.270089,0.965095,0.070663,2.278191,-11.888930
1790544761.8215,-0.088374,-0.028821,-0.694481,-0.086740,-0.027428,-0.694481,0.162023,0.089182,0.789045,0.492271,1.794851,-10.297672
1790544761.8354,-0.077796,-0.028364,-0.682971,-0.080479,-0.028083,-0.682971,-0.012813,-0.829924,0.713768,-0.005993,2.910251,-11.306763
1790544761.8493,-0.071405,-0.023198,-0.676599,-0.074127,-0.024663,-0.676599,-0.420765,-0.657516,0.504936,2.983590,1.311511,-11.772497
1790544761.8632,-0.064640,-0.017567,-0.669808,-0.067486,-0.019696,-0.669808,-0.515468,-0.706081,0.480653,3.098574,0.010211,-10.841028
1790544761.8772,-0.062819,-0.010245,-0.667666,-0.064219,-0.013080,-0.667666,-0.625955,-0.460825,0.342241,3.673494,-0.026969,-6.688231
1790544761.8910,-0.052185,0.001592,-0.665439,-0.055795,-0.002809,-0.665439,-0.924634,-0.946481,0.098198,2.255358,0.456371,-7.813756
1790544761.9051,-0.040956,0.014965,-0.665328,-0.045408,0.009632,-0.665328,-1.037549,-0.993833,-0.097279,3.213558,0.196111,-8.628791
1790544761.9190,-0.032638,0.028071,-0.669206,-0.036469,0.022539,-0.669206,-0.993840,-0.748576,-0.245404,3.941790,1.348691,-12.354665
1790544761.9329,-0.046307,0.023543,-0.673163,-0.043355,0.023242,-0.673163,0.219088,1.027714,-0.476091,2.638638,-0.026969,-19.457112
1790544761.9468,-0.046248,0.017706,-0.686091,-0.045380,0.019367,-0.686091,0.408494,0.274946,-1.211861,-0.734224,1.608951,-13.130889
1790544761.9608,-0.017316,0.011710,-0.684420,-0.025735,0.014007,-0.684420,0.565118,-1.421211,-1.058879,-8.169853,3.170511,-5.329839
1790544761.9747,-0.027609,0.005475,-0.703946,-0.027046,0.008035,-0.703946,0.459488,0.692610,-0.735918,2.102047,1.237151,-6.494175
1790544761.9887,-0.013273,0.000421,-0.709592,-0.017405,0.002705,-0.709592,0.384211,-0.717009,-0.843976,-2.957247,1.906391,-9.094525
1790544762.0026,-0.004596,-0.007813,-0.721318,-0.008439,-0.004658,-0.721318,0.580902,-0.463253,-0.953249,-0.389272,1.608951,-9.987182
1790544762.0161,-0.001497,-0.016727,-0.738289,-0.003580,-0.013106,-0.738289,0.684104,-0.095368,-1.088019,0.262303,2.055111,-9.016902
1790544762.0298,0.005733,-0.017719,-0.757425,0.002939,-0.016335,-0.757425,0.189948,-0.390404,-1.055237,-0.082648,2.798711,-7.115154
1790544762.0440,0.013044,-0.021818,-0.769556,0.010013,-0.020173,-0.769556,0.278581,-0.349124,-0.915611,-0.887536,1.571771,-9.016902
1790544762.0584,0.020665,-0.031210,-0.780496,0.017470,-0.027899,-0.780496,0.647680,-0.363693,-0.822122,-1.385800,1.757671,-9.831937
1790544762.0724,0.015085,-0.034473,-0.794293,0.015801,-0.032501,-0.794293,0.453417,0.477707,-0.404457,-0.772552,5.512851,-9.327392
1790544762.0864,0.001754,-0.030278,-0.802979,0.005968,-0.030945,-0.802979,-0.306636,1.085992,-0.468806,-2.229015,2.761531,-17.632987
1790544762.1004,0.001333,-0.018111,-0.806006,0.002723,-0.021961,-0.806006,-0.891852,0.300442,-0.315824,-5.448566,1.460231,-12.703965
1790544762.1143,-0.002259,-0.009984,-0.804578,-0.000764,-0.013577,-0.804578,-0.703660,0.429142,-0.028073,-2.650623,-0.361589,-9.055714
1790544762.1282,-0.008353,0.006061,-0.803585,-0.006076,0.000170,-0.803585,-1.065475,0.628261,0.075129,-1.960720,1.757671,-5.252217
1790544762.1422,-0.013877,0.019519,-0.804003,-0.011537,0.013714,-0.804003,-1.032693,0.659829,0.020493,-2.650623,0.307651,-5.485084
1790544762.1561,-0.014544,0.026057,-0.807839,-0.013642,0.022354,-0.807839,-0.547036,0.103751,-0.177412,-0.887536,1.423051,-21.009560
1790544762.1700,-0.008083,0.017960,-0.802220,-0.009751,0.019279,-0.802220,0.508054,-0.601665,0.438158,1.028863,0.902531,-17.943476
1790544762.1839,-0.012446,0.014151,-0.792242,-0.011637,0.015689,-0.792242,0.253084,0.057614,0.878891,2.140375,1.757671,-13.868301
1790544762.1978,-0.013916,0.009823,-0.779643,-0.013233,0.011583,-0.779643,0.283437,-0.063800,0.939598,-0.044320,1.051251,-9.094525
1790544762.2116,-0.028619,0.004867,-0.773372,-0.024003,0.006881,-0.773372,0.511696,0.671970,0.685843,2.561982,2.166651,-4.398371
1790544762.2255,-0.039867,-0.001306,-0.766138,-0.035108,0.001150,-0.766138,0.487413,0.614905,0.695556,1.297159,1.906391,-7.619700
1790544762.2392,-0.051943,-0.010815,-0.757915,-0.046892,-0.007225,-0.757915,0.705959,0.688968,0.765976,1.373815,1.683311,-8.395923
1790544762.2528,-0.069995,-0.018778,-0.749438,-0.063064,-0.015312,-0.749438,0.658607,1.135772,0.900746,1.488799,2.798711,-8.745224
1790544762.2663,-0.080230,-0.026738,-0.738744,-0.075080,-0.023311,-0.738744,0.624611,0.664685,0.974809,-0.005993,2.873071,-10.569350
1790544762.2803,-0.081204,-0.033040,-0.727443,-0.079367,-0.030121,-0.727443,0.481342,-0.012806,0.888604,-0.044320,3.096151,-11.190329
1790544762.2943,-0.072619,-0.034158,-0.714957,-0.074643,-0.032947,-0.714957,0.036966,-0.765574,0.774475,1.718767,1.943571,-13.984735
1790544762.3086,-0.063332,-0.028553,-0.703093,-0.066725,-0.029871,-0.703093,-0.471759,-0.789857,0.632421,1.450471,0.605091,-11.229140
1790544762.3226,-0.060147,-0.023782,-0.685677,-0.062120,-0.025609,-0.685677,-0.537323,-0.551885,0.714982,3.405198,-1.253909,-7.813756
1790544762.3366,-0.058289,-0.017567,-0.673363,-0.059439,-0.019980,-0.673363,-0.624741,-0.411045,0.509792,2.868606,-0.993649,-7.309210
1790544762.3504,-0.050843,-0.008146,-0.665208,-0.053422,-0.011696,-0.665208,-0.774081,-0.754647,0.406590,2.178703,0.196111,-7.852567
1790544762.3643,-0.044935,0.004366,-0.660795,-0.047481,-0.000453,-0.660795,-1.010838,-0.655087,0.141907,3.558510,-0.101329,-9.676693
1790544762.3781,-0.034859,0.020996,-0.662392,-0.038645,0.014561,-0.662392,-1.245168,-0.971978,-0.037786,3.980118,1.014071,-9.210958
1790544762.3920,-0.045865,0.025569,-0.666170,-0.043699,0.022266,-0.666170,-0.396482,0.702324,-0.234477,4.056774,1.014071,-14.528091
1790544762.4058,-0.052867,0.021833,-0.682067,-0.050117,0.021963,-0.682067,0.290722,0.625833,-0.948392,1.948735,2.389731,-13.441378
1790544762.4197,-0.032264,0.018259,-0.702955,-0.037620,0.019370,-0.702955,0.464344,-1.148029,-1.033382,-1.769080,3.021791,-5.523895
1790544762.4337,-0.048913,0.021242,-0.728877,-0.045525,0.020680,-0.728877,0.090389,0.908728,-0.637572,3.443526,2.724351,-2.186133
1790544762.4476,-0.045998,0.018892,-0.731996,-0.045856,0.019428,-0.731996,0.113457,-0.054087,-0.709206,-0.159304,0.679451,-9.172147
1790544762.4616,-0.031610,0.013041,-0.742086,-0.035884,0.014957,-0.742086,0.436419,-0.788643,-0.905898,-1.577440,1.943571,-10.414105
1790544762.4752,-0.028825,0.005299,-0.755625,-0.030943,0.008197,-0.755625,0.567546,-0.061372,-1.081948,0.683911,1.385871,-8.745224
1790544762.4888,-0.021007,0.005806,-0.779022,-0.023988,0.006523,-0.779022,0.115886,-0.406188,-1.018813,-0.005993,2.687171,-6.300119
1790544762.5028,-0.016552,0.004350,-0.793000,-0.018783,0.005002,-0.793000,0.130455,-0.126936,-0.852475,-0.810880,2.017931,-9.210958
1790544762.5167,-0.012904,-0.000766,-0.804903,-0.014667,0.000964,-0.804903,0.365999,-0.061372,-0.824550,-1.194160,1.757671,-10.142427
1790544762.5307,-0.003228,-0.003746,-0.821614,-0.006660,-0.002333,-0.821614,0.341716,-0.451111,-0.700708,-2.420655,3.728211,-9.133336
1790544762.5448,-0.013531,-0.000641,-0.837323,-0.011470,-0.001149,-0.837323,0.005399,0.793384,-0.417812,0.300631,6.739790,-10.841028
1790544762.5593,-0.025711,0.001442,-0.848030,-0.021439,0.000665,-0.848030,-0.141513,0.970649,-0.499160,-0.925864,2.835891,-16.274595
1790544762.5733,-0.025907,0.010491,-0.855347,-0.024567,0.007543,-0.855347,-0.584674,0.265232,-0.240548,-3.455511,2.612811,-9.249770
1790544762.5873,-0.032961,0.016143,-0.854332,-0.030443,0.013563,-0.854332,-0.469331,0.628261,0.044776,-1.539112,0.605091,-8.007811
1790544762.6013,-0.030249,0.016867,-0.850816,-0.030307,0.015876,-0.850816,-0.026169,0.001764,0.229325,-2.573967,1.423051,-5.989630
1790544762.6152,-0.033977,0.013713,-0.837125,-0.032876,0.014362,-0.837125,0.186306,0.066113,0.598425,1.603783,1.199971,-9.560259
1790544762.6291,-0.035648,0.006824,-0.818132,-0.034816,0.009085,-0.818132,0.378140,-0.049230,1.000306,-0.005993,0.010211,-12.044175
1790544762.6431,-0.043768,-0.002852,-0.795820,-0.041082,0.000729,-0.795820,0.593043,0.296800,1.154502,2.255358,0.382011,-12.587532
1790544762.6569,-0.053730,-0.015277,-0.780623,-0.049935,-0.010475,-0.780623,0.775165,0.670756,0.895889,-0.925864,-0.138509,-8.706413
1790544762.6710,-0.073301,-0.024810,-0.770543,-0.066291,-0.020510,-0.770543,0.710815,1.203764,0.971166,1.028863,1.608951,-6.377742
1790544762.6848,-0.087466,-0.032773,-0.760769,-0.081114,-0.029094,-0.760769,0.548120,0.967007,0.950526,-0.389272,1.534591,-9.172147
1790544762.6988,-0.101228,-0.040178,-0.748309,-0.095194,-0.036853,-0.748309,0.517767,0.804311,1.063441,1.488799,2.017931,-9.016902
1790544762.7124,-0.105634,-0.047291,-0.738796,-0.102502,-0.044160,-0.738796,0.522623,0.284659,0.988164,-0.427600,2.352551,-9.560259
1790544762.7261,-0.108970,-0.051709,-0.726422,-0.107030,-0.049444,-0.726422,0.284651,0.128034,1.036730,1.028863,2.315371,-12.121798
1790544762.7401,-0.098099,-0.055486,-0.711886,-0.100778,-0.053673,-0.711886,0.143811,-0.822639,0.876463,-0.235960,0.382011,-11.888930
1790544762.7540,-0.093624,-0.053042,-0.698315,-0.095770,-0.053231,-0.698315,-0.243500,-0.500891,0.648204,2.715294,0.939711,-10.918651
1790544762.7675,-0.087077,-0.054653,-0.678197,-0.089685,-0.054227,-0.678197,-0.077163,-0.679370,0.589926,2.868606,-1.439808,-10.608161
1790544762.7805,-0.079554,-0.053552,-0.656873,-0.082593,-0.053754,-0.656873,-0.285995,-0.871205,0.595996,3.520182,-1.216729,-8.318301
1790544762.7935,-0.077498,-0.045382,-0.644766,-0.079027,-0.047894,-0.644766,-0.734014,-0.419544,0.472154,3.635166,-0.064149,-9.172147
1790544762.8075,-0.071330,-0.029635,-0.633646,-0.073639,-0.035113,-0.633646,-1.250024,-0.673299,0.245109,3.980118,-0.473129,-9.987182
1790544762.8215,-0.060269,-0.010696,-0.625412,-0.064280,-0.018021,-0.625412,-1.469784,-0.957409,0.031420,3.366870,-0.250049,-11.229140
1790544762.8355,-0.047191,0.009070,-0.619206,-0.052317,0.000943,-0.619206,-1.548703,-1.177168,-0.094851,4.133430,-0.659029,-8.551168
1790544762.8494,-0.037441,0.029594,-0.615432,-0.041904,0.020998,-0.615432,-1.606982,-0.929483,-0.125204,3.405198,-0.250049,-7.736133
1790544762.8634,-0.045134,0.031263,-0.605610,-0.044165,0.028183,-0.605610,-0.317563,0.641616,-0.421455,0.568927,-1.848788,-14.605714
1790544762.8772,-0.030038,0.025775,-0.630331,-0.034276,0.026497,-0.630331,0.566332,-0.697582,-0.871902,-5.180270,5.215411,-10.802217
1790544762.8911,-0.040117,0.024686,-0.667081,-0.038365,0.025229,-0.667081,0.347787,0.821309,-0.637572,0.607255,4.583351,-6.804665
1790544762.9050,-0.041824,0.019880,-0.675233,-0.040786,0.021484,-0.675233,0.332003,0.238521,-0.697065,0.415615,1.199971,-8.201867
1790544762.9190,-0.026217,0.022476,-0.690182,-0.030588,0.022178,-0.690182,-0.058951,-0.837209,-0.665497,-1.730752,2.203831,-5.407462
1790544762.9326,-0.022881,0.015185,-0.690693,-0.025193,0.017283,-0.690693,0.393924,-0.107509,-0.897399,0.415615,-0.361589,-9.405014
1790544762.9461,-0.009142,0.008145,-0.709461,-0.013957,0.010886,-0.709461,0.634324,-0.702439,-0.969033,-1.845736,2.464091,-6.455364
1790544762.9599,0.000239,0.004401,-0.728730,-0.004020,0.006347,-0.728730,0.362356,-0.481465,-0.986031,-0.695896,2.687171,-7.658511
1790544762.9738,0.004452,-0.001047,-0.746934,0.001910,0.001171,-0.746934,0.465559,-0.148790,-0.908326,-0.312616,2.724351,-8.357112
1790544762.9878,0.008607,-0.005488,-0.762368,0.006598,-0.003490,-0.762368,0.392710,-0.133006,-0.701922,-1.347472,3.467951,-10.802217
1790544763.0017,-0.000719,-0.003964,-0.775099,0.001476,-0.003822,-0.775099,-0.060165,0.786099,-0.495517,-0.964192,3.839751,-14.101168
1790544763.0161,-0.005933,0.012622,-0.781478,-0.003710,0.007689,-0.781478,-1.150465,0.526273,-0.289113,-4.030431,3.542311,-19.069001
1790544763.0316,-0.008177,0.024719,-0.774452,-0.006837,0.019610,-0.774452,-0.897923,0.367220,-0.093636,-3.225543,-0.212869,-7.891378
